 &plot nbnd=  15, nks=   302 /
            0.000000  0.000000  0.000000
   -7.240    4.596    4.596    4.596    6.726    8.897    8.897    8.897   13.389   13.621
   13.621   16.023   16.023   16.023   19.368
           -0.020000  0.000000  0.000000
   -7.238    4.581    4.593    4.593    6.741    8.891    8.902    8.902   13.396   13.601
   13.623   16.026   16.026   16.038   19.382
           -0.040000  0.000000  0.000000
   -7.235    4.537    4.581    4.581    6.788    8.876    8.920    8.920   13.419   13.543
   13.628   16.036   16.036   16.081   19.423
           -0.060000  0.000000  0.000000
   -7.228    4.466    4.563    4.563    6.862    8.850    8.948    8.948   13.429   13.479
   13.638   16.051   16.051   16.146   19.490
           -0.080000  0.000000  0.000000
   -7.219    4.375    4.537    4.537    6.958    8.814    8.987    8.987   13.322   13.521
   13.650   16.073   16.073   16.229   19.585
           -0.100000  0.000000  0.000000
   -7.207    4.267    4.505    4.505    7.071    8.770    9.037    9.037   13.182   13.589
   13.667   16.100   16.100   16.322   19.705
           -0.120000  0.000000  0.000000
   -7.193    4.147    4.467    4.467    7.198    8.717    9.096    9.096   13.027   13.672
   13.687   16.134   16.134   16.422   19.851
           -0.140000  0.000000  0.000000
   -7.176    4.018    4.423    4.423    7.333    8.658    9.165    9.165   12.862   13.711
   13.767   16.175   16.175   16.524   20.020
           -0.160000  0.000000  0.000000
   -7.156    3.881    4.375    4.375    7.475    8.592    9.243    9.243   12.693   13.738
   13.874   16.221   16.221   16.627   20.211
           -0.180000  0.000000  0.000000
   -7.135    3.740    4.322    4.322    7.621    8.521    9.329    9.329   12.521   13.769
   13.992   16.274   16.274   16.730   20.423
           -0.200000  0.000000  0.000000
   -7.110    3.595    4.265    4.265    7.767    8.446    9.422    9.422   12.352   13.804
   14.120   16.332   16.332   16.831   20.653
           -0.220000  0.000000  0.000000
   -7.083    3.448    4.206    4.206    7.912    8.367    9.521    9.521   12.187   13.842
   14.256   16.397   16.397   16.931   20.899
           -0.240000  0.000000  0.000000
   -7.054    3.299    4.144    4.144    8.052    8.287    9.628    9.628   12.031   13.884
   14.401   16.469   16.469   17.031   21.161
           -0.260000  0.000000  0.000000
   -7.022    3.150    4.079    4.079    8.168    8.220    9.739    9.739   11.885   13.929
   14.552   16.546   16.546   17.130   21.435
           -0.280000  0.000000  0.000000
   -6.988    2.999    4.014    4.014    8.110    8.317    9.856    9.856   11.754   13.979
   14.711   16.629   16.629   17.229   21.720
           -0.300000  0.000000  0.000000
   -6.952    2.849    3.947    3.947    8.024    8.427    9.978    9.978   11.642   14.031
   14.875   16.719   16.719   17.330   22.013
           -0.320000  0.000000  0.000000
   -6.913    2.699    3.879    3.879    7.937    8.520   10.104   10.104   11.552   14.088
   15.044   16.815   16.815   17.431   22.313
           -0.340000  0.000000  0.000000
   -6.872    2.549    3.811    3.811    7.849    8.593   10.234   10.234   11.489   14.148
   15.218   16.916   16.916   17.535   22.617
           -0.360000  0.000000  0.000000
   -6.829    2.401    3.743    3.743    7.761    8.641   10.367   10.367   11.456   14.212
   15.396   17.024   17.024   17.642   22.920
           -0.380000  0.000000  0.000000
   -6.784    2.253    3.675    3.675    7.673    8.664   10.504   10.504   11.456   14.279
   15.577   17.137   17.137   17.751   23.219
           -0.400000  0.000000  0.000000
   -6.737    2.106    3.608    3.608    7.586    8.660   10.643   10.643   11.487   14.350
   15.761   17.256   17.256   17.864   23.367
           -0.420000  0.000000  0.000000
   -6.688    1.960    3.542    3.542    7.499    8.631   10.785   10.785   11.549   14.425
   15.947   17.381   17.381   17.981   23.113
           -0.440000  0.000000  0.000000
   -6.637    1.816    3.476    3.476    7.414    8.582   10.930   10.930   11.639   14.503
   16.134   17.510   17.510   18.102   22.862
           -0.460000  0.000000  0.000000
   -6.585    1.673    3.412    3.412    7.330    8.515   11.076   11.076   11.752   14.585
   16.321   17.645   17.645   18.228   22.615
           -0.480000  0.000000  0.000000
   -6.531    1.531    3.348    3.348    7.247    8.435   11.225   11.225   11.884   14.671
   16.509   17.784   17.784   18.359   22.372
           -0.500000  0.000000  0.000000
   -6.475    1.392    3.287    3.287    7.166    8.346   11.375   11.375   12.032   14.760
   16.695   17.926   17.926   18.495   22.134
           -0.520000  0.000000  0.000000
   -6.418    1.254    3.227    3.227    7.087    8.250   11.527   11.527   12.192   14.853
   16.879   18.071   18.071   18.637   21.903
           -0.540000  0.000000  0.000000
   -6.360    1.118    3.168    3.168    7.009    8.151   11.680   11.680   12.361   14.949
   17.060   18.218   18.218   18.786   21.679
           -0.560000  0.000000  0.000000
   -6.300    0.985    3.112    3.112    6.933    8.050   11.834   11.834   12.538   15.049
   17.236   18.364   18.364   18.942   21.465
           -0.580000  0.000000  0.000000
   -6.240    0.854    3.058    3.058    6.859    7.950   11.990   11.990   12.721   15.152
   17.406   18.507   18.507   19.104   21.263
           -0.600000  0.000000  0.000000
   -6.179    0.725    3.005    3.005    6.788    7.851   12.146   12.146   12.907   15.260
   17.568   18.642   18.642   19.274   21.079
           -0.620000  0.000000  0.000000
   -6.117    0.599    2.955    2.955    6.718    7.755   12.303   12.303   13.097   15.370
   17.721   18.762   18.762   19.451   20.917
           -0.640000  0.000000  0.000000
   -6.056    0.476    2.907    2.907    6.651    7.661   12.461   12.461   13.288   15.485
   17.863   18.860   18.860   19.636   20.789
           -0.660000  0.000000  0.000000
   -5.994    0.357    2.861    2.861    6.586    7.572   12.619   12.619   13.480   15.602
   17.993   18.921   18.921   19.828   20.706
           -0.680000  0.000000  0.000000
   -5.932    0.241    2.817    2.817    6.524    7.487   12.778   12.778   13.673   15.724
   18.109   18.937   18.937   20.028   20.679
           -0.700000  0.000000  0.000000
   -5.871    0.129    2.776    2.776    6.465    7.406   12.936   12.936   13.864   15.849
   18.208   18.901   18.901   20.235   20.712
           -0.720000  0.000000  0.000000
   -5.811    0.021    2.738    2.738    6.408    7.331   13.094   13.094   14.054   15.977
   18.291   18.821   18.821   20.448   20.800
           -0.740000  0.000000  0.000000
   -5.753   -0.083    2.701    2.701    6.354    7.260   13.252   13.252   14.241   16.109
   18.355   18.706   18.706   20.668   20.855
           -0.760000  0.000000  0.000000
   -5.695   -0.181    2.668    2.668    6.304    7.195   13.408   13.408   14.426   16.244
   18.401   18.568   18.568   20.631   20.894
           -0.780000  0.000000  0.000000
   -5.640   -0.275    2.637    2.637    6.256    7.135   13.563   13.563   14.606   16.383
   18.416   18.416   18.429   20.410   21.124
           -0.800000  0.000000  0.000000
   -5.588   -0.362    2.608    2.608    6.212    7.081   13.716   13.716   14.781   16.525
   18.258   18.258   18.438   20.194   21.360
           -0.820000  0.000000  0.000000
   -5.539   -0.443    2.582    2.582    6.172    7.032   13.866   13.866   14.950   16.670
   18.098   18.098   18.432   19.981   21.600
           -0.840000  0.000000  0.000000
   -5.492   -0.518    2.559    2.559    6.136    6.988   14.011   14.011   15.112   16.818
   17.939   17.939   18.411   19.772   21.844
           -0.860000  0.000000  0.000000
   -5.450   -0.585    2.539    2.539    6.103    6.949   14.151   14.151   15.264   16.969
   17.785   17.785   18.379   19.568   22.091
           -0.880000  0.000000  0.000000
   -5.412   -0.644    2.521    2.521    6.075    6.916   14.283   14.283   15.405   17.123
   17.639   17.639   18.339   19.368   22.341
           -0.900000  0.000000  0.000000
   -5.380   -0.696    2.506    2.506    6.050    6.888   14.405   14.405   15.532   17.278
   17.505   17.505   18.294   19.174   22.592
           -0.920000  0.000000  0.000000
   -5.352   -0.738    2.493    2.493    6.030    6.865   14.513   14.513   15.643   17.385
   17.385   17.434   18.249   18.986   22.845
           -0.940000  0.000000  0.000000
   -5.330   -0.772    2.484    2.484    6.015    6.848   14.604   14.604   15.735   17.285
   17.285   17.588   18.207   18.807   23.095
           -0.960000  0.000000  0.000000
   -5.314   -0.796    2.477    2.477    6.003    6.835   14.674   14.674   15.803   17.209
   17.209   17.733   18.174   18.643   23.337
           -0.980000  0.000000  0.000000
   -5.305   -0.811    2.473    2.473    5.997    6.827   14.718   14.718   15.846   17.161
   17.161   17.854   18.152   18.512   23.553
           -1.000000  0.000000  0.000000
   -5.301   -0.815    2.471    2.471    5.994    6.825   14.733   14.733   15.860   17.145
   17.145   17.907   18.145   18.456   23.627
           -1.000000  0.005000  0.005000
   -5.301   -0.815    2.470    2.471    5.995    6.826   14.732   14.732   15.857   17.139
   17.147   17.912   18.147   18.458   23.579
           -1.000000  0.010000  0.010000
   -5.301   -0.815    2.467    2.472    5.998    6.829   14.727   14.728   15.847   17.123
   17.153   17.927   18.156   18.463   23.514
           -1.000000  0.015000  0.015000
   -5.301   -0.814    2.461    2.473    6.003    6.834   14.720   14.721   15.831   17.097
   17.164   17.952   18.169   18.473   23.446
           -1.000000  0.020000  0.020000
   -5.301   -0.813    2.453    2.474    6.010    6.841   14.710   14.712   15.809   17.063
   17.178   17.983   18.188   18.487   23.378
           -1.000000  0.025000  0.025000
   -5.301   -0.812    2.442    2.475    6.019    6.851   14.696   14.701   15.781   17.022
   17.195   18.021   18.211   18.504   23.308
           -1.000000  0.030000  0.030000
   -5.301   -0.811    2.430    2.477    6.029    6.863   14.681   14.687   15.748   16.977
   17.216   18.062   18.240   18.525   23.237
           -1.000000  0.035000  0.035000
   -5.301   -0.809    2.415    2.479    6.041    6.877   14.662   14.671   15.711   16.928
   17.239   18.107   18.273   18.550   23.165
           -1.000000  0.040000  0.040000
   -5.301   -0.807    2.399    2.481    6.054    6.893   14.641   14.653   15.669   16.875
   17.264   18.154   18.310   18.579   23.093
           -1.000000  0.045000  0.045000
   -5.300   -0.805    2.380    2.484    6.068    6.912   14.617   14.632   15.625   16.821
   17.292   18.203   18.352   18.610   23.021
           -1.000000  0.050000  0.050000
   -5.300   -0.802    2.360    2.487    6.083    6.933   14.591   14.609   15.577   16.764
   17.321   18.253   18.397   18.645   22.948
           -1.000000  0.055000  0.055000
   -5.300   -0.799    2.338    2.490    6.100    6.957   14.563   14.585   15.527   16.706
   17.352   18.304   18.446   18.684   22.875
           -1.000000  0.060000  0.060000
   -5.300   -0.796    2.315    2.493    6.117    6.983   14.533   14.558   15.474   16.647
   17.384   18.355   18.498   18.725   22.801
           -1.000000  0.065000  0.065000
   -5.299   -0.793    2.290    2.497    6.134    7.012   14.501   14.530   15.419   16.587
   17.417   18.407   18.553   18.768   22.728
           -1.000000  0.070000  0.070000
   -5.299   -0.789    2.264    2.501    6.152    7.043   14.466   14.500   15.363   16.526
   17.451   18.459   18.611   18.815   22.654
           -1.000000  0.075000  0.075000
   -5.299   -0.786    2.236    2.506    6.171    7.078   14.430   14.469   15.305   16.465
   17.485   18.512   18.672   18.863   22.581
           -1.000000  0.080000  0.080000
   -5.298   -0.782    2.207    2.510    6.189    7.115   14.393   14.436   15.246   16.404
   17.521   18.565   18.734   18.913   22.507
           -1.000000  0.085000  0.085000
   -5.298   -0.777    2.178    2.515    6.207    7.155   14.353   14.402   15.186   16.342
   17.557   18.618   18.799   18.965   22.434
           -1.000000  0.090000  0.090000
   -5.298   -0.773    2.147    2.521    6.226    7.197   14.313   14.366   15.125   16.279
   17.594   18.671   18.865   19.019   22.361
           -1.000000  0.095000  0.095000
   -5.298   -0.768    2.116    2.526    6.244    7.242   14.271   14.330   15.063   16.217
   17.632   18.725   18.933   19.074   22.287
           -1.000000  0.100000  0.100000
   -5.297   -0.763    2.084    2.532    6.262    7.290   14.228   14.292   15.001   16.154
   17.670   18.779   19.002   19.130   22.215
           -1.000000  0.105000  0.105000
   -5.297   -0.758    2.051    2.538    6.280    7.340   14.183   14.253   14.938   16.092
   17.708   18.834   19.073   19.187   22.142
           -1.000000  0.110000  0.110000
   -5.297   -0.753    2.018    2.545    6.298    7.393   14.138   14.214   14.874   16.029
   17.747   18.888   19.145   19.244   22.070
           -1.000000  0.115000  0.115000
   -5.297   -0.747    1.985    2.552    6.316    7.448   14.091   14.173   14.811   15.967
   17.786   18.944   19.217   19.303   21.998
           -1.000000  0.120000  0.120000
   -5.297   -0.742    1.951    2.559    6.333    7.505   14.044   14.132   14.747   15.904
   17.825   18.999   19.291   19.362   21.926
           -1.000000  0.125000  0.125000
   -5.297   -0.736    1.917    2.566    6.351    7.564   13.996   14.090   14.683   15.842
   17.864   19.055   19.365   19.421   21.855
           -1.000000  0.130000  0.130000
   -5.297   -0.730    1.883    2.574    6.368    7.626   13.948   14.048   14.618   15.779
   17.904   19.112   19.440   19.481   21.785
           -1.000000  0.135000  0.135000
   -5.297   -0.723    1.849    2.581    6.385    7.689   13.898   14.004   14.554   15.717
   17.944   19.168   19.515   19.541   21.715
           -1.000000  0.140000  0.140000
   -5.297   -0.717    1.816    2.590    6.402    7.754   13.848   13.961   14.489   15.655
   17.983   19.225   19.590   19.601   21.645
           -1.000000  0.145000  0.145000
   -5.297   -0.710    1.782    2.598    6.419    7.821   13.798   13.917   14.425   15.593
   18.023   19.282   19.661   19.665   21.577
           -1.000000  0.150000  0.150000
   -5.297   -0.703    1.748    2.607    6.436    7.890   13.747   13.872   14.361   15.531
   18.063   19.339   19.722   19.739   21.509
           -1.000000  0.155000  0.155000
   -5.298   -0.697    1.715    2.616    6.452    7.960   13.695   13.827   14.296   15.470
   18.103   19.396   19.782   19.813   21.442
           -1.000000  0.160000  0.160000
   -5.298   -0.689    1.682    2.625    6.469    8.032   13.644   13.782   14.232   15.409
   18.142   19.454   19.843   19.886   21.377
           -1.000000  0.165000  0.165000
   -5.298   -0.682    1.649    2.635    6.486    8.106   13.592   13.736   14.168   15.347
   18.182   19.511   19.904   19.957   21.313
           -1.000000  0.170000  0.170000
   -5.299   -0.675    1.617    2.645    6.503    8.180   13.539   13.690   14.104   15.287
   18.221   19.568   19.964   20.027   21.251
           -1.000000  0.175000  0.175000
   -5.300   -0.668    1.585    2.655    6.520    8.256   13.487   13.644   14.041   15.226
   18.260   19.626   20.025   20.093   21.192
           -1.000000  0.180000  0.180000
   -5.301   -0.660    1.554    2.665    6.537    8.333   13.434   13.598   13.977   15.166
   18.299   19.683   20.086   20.156   21.135
           -1.000000  0.185000  0.185000
   -5.302   -0.653    1.524    2.676    6.555    8.411   13.381   13.552   13.914   15.106
   18.337   19.740   20.146   20.213   21.083
           -1.000000  0.190000  0.190000
   -5.303   -0.645    1.494    2.687    6.572    8.490   13.328   13.505   13.851   15.046
   18.375   19.797   20.207   20.263   21.037
           -1.000000  0.195000  0.195000
   -5.304   -0.638    1.465    2.698    6.589    8.571   13.275   13.459   13.789   14.987
   18.413   19.854   20.267   20.304   20.998
           -1.000000  0.200000  0.200000
   -5.306   -0.630    1.437    2.710    6.607    8.652   13.222   13.412   13.727   14.927
   18.450   19.910   20.328   20.332   20.968
           -1.000000  0.205000  0.205000
   -5.307   -0.622    1.409    2.722    6.625    8.734   13.169   13.365   13.665   14.869
   18.486   19.966   20.346   20.388   20.949
           -1.000000  0.210000  0.210000
   -5.309   -0.615    1.383    2.734    6.643    8.816   13.115   13.318   13.604   14.810
   18.522   20.022   20.343   20.448   20.941
           -1.000000  0.215000  0.215000
   -5.311   -0.607    1.357    2.746    6.661    8.900   13.062   13.272   13.543   14.752
   18.557   20.078   20.327   20.508   20.940
           -1.000000  0.220000  0.220000
   -5.314   -0.599    1.333    2.758    6.680    8.984   13.009   13.225   13.483   14.694
   18.591   20.133   20.298   20.568   20.944
           -1.000000  0.225000  0.225000
   -5.316   -0.591    1.309    2.771    6.698    9.068   12.956   13.178   13.423   14.637
   18.625   20.188   20.259   20.628   20.948
           -1.000000  0.230000  0.230000
   -5.319   -0.584    1.286    2.784    6.717    9.154   12.903   13.132   13.364   14.580
   18.657   20.214   20.242   20.688   20.948
           -1.000000  0.235000  0.235000
   -5.322   -0.576    1.265    2.797    6.736    9.239   12.850   13.085   13.306   14.523
   18.689   20.165   20.296   20.748   20.942
           -1.000000  0.240000  0.240000
   -5.325   -0.568    1.245    2.811    6.756    9.325   12.797   13.039   13.248   14.467
   18.719   20.112   20.350   20.808   20.930
           -1.000000  0.245000  0.245000
   -5.328   -0.561    1.225    2.824    6.775    9.412   12.745   12.992   13.191   14.411
   18.748   20.057   20.403   20.868   20.912
           -1.000000  0.250000  0.250000
   -5.332   -0.553    1.207    2.838    6.795    9.498   12.692   12.945   13.135   14.355
   18.776   20.001   20.455   20.890   20.927
           -0.750000  0.750000  0.000000
   -5.332   -0.553    1.207    2.838    6.795    9.498   12.692   12.945   13.135   14.355
   18.776   20.001   20.455   20.890   20.927
           -0.735000  0.735000  0.000000
   -5.344   -0.531    1.161    2.882    6.856    9.758   12.536   12.805   12.975   14.191
   18.850   19.827   20.611   20.802   21.106
           -0.720000  0.720000  0.000000
   -5.359   -0.509    1.125    2.927    6.919   10.015   12.382   12.662   12.830   14.030
   18.907   19.653   20.704   20.761   21.283
           -0.705000  0.705000  0.000000
   -5.377   -0.488    1.102    2.974    6.984   10.265   12.230   12.515   12.706   13.874
   18.939   19.484   20.607   20.908   21.459
           -0.690000  0.690000  0.000000
   -5.398   -0.467    1.090    3.022    7.051   10.502   12.081   12.365   12.609   13.721
   18.939   19.327   20.519   21.051   21.635
           -0.675000  0.675000  0.000000
   -5.422   -0.445    1.090    3.073    7.120   10.713   11.934   12.214   12.547   13.573
   18.891   19.196   20.442   21.190   21.809
           -0.660000  0.660000  0.000000
   -5.449   -0.422    1.101    3.125    7.191   10.885   11.791   12.066   12.532   13.429
   18.788   19.097   20.373   21.326   21.982
           -0.645000  0.645000  0.000000
   -5.479   -0.398    1.124    3.178    7.264   11.001   11.651   11.921   12.579   13.290
   18.649   19.016   20.303   21.458   22.153
           -0.630000  0.630000  0.000000
   -5.513   -0.370    1.156    3.232    7.338   11.052   11.514   11.780   12.694   13.155
   18.494   18.934   20.221   21.587   22.322
           -0.615000  0.615000  0.000000
   -5.550   -0.340    1.198    3.288    7.414   11.046   11.381   11.645   12.869   13.025
   18.333   18.847   20.115   21.713   22.136
           -0.600000  0.600000  0.000000
   -5.589   -0.305    1.248    3.344    7.491   10.998   11.252   11.516   12.901   13.088
   18.171   18.756   19.975   21.835   21.998
           -0.585000  0.585000  0.000000
   -5.632   -0.266    1.306    3.401    7.568   10.923   11.127   11.392   12.782   13.335
   18.009   18.662   19.796   21.905   21.954
           -0.570000  0.570000  0.000000
   -5.678   -0.221    1.371    3.459    7.645   10.831   11.005   11.275   12.668   13.598
   17.848   18.568   19.585   21.845   22.068
           -0.555000  0.555000  0.000000
   -5.726   -0.171    1.443    3.516    7.723   10.729   10.887   11.164   12.561   13.868
   17.690   18.478   19.348   21.795   22.177
           -0.540000  0.540000  0.000000
   -5.777   -0.115    1.520    3.574    7.799   10.622   10.774   11.060   12.459   14.136
   17.533   18.395   19.096   21.719   22.279
           -0.525000  0.525000  0.000000
   -5.830   -0.052    1.603    3.632    7.874   10.512   10.664   10.962   12.364   14.397
   17.379   18.322   18.838   21.584   22.373
           -0.510000  0.510000  0.000000
   -5.884    0.017    1.691    3.690    7.947   10.402   10.558   10.872   12.275   14.641
   17.228   18.261   18.583   21.390   22.398
           -0.495000  0.495000  0.000000
   -5.940    0.093    1.782    3.747    8.016   10.292   10.456   10.789   12.193   14.859
   17.083   18.193   18.362   21.157   22.451
           -0.480000  0.480000  0.000000
   -5.998    0.175    1.878    3.803    8.082   10.184   10.359   10.714   12.118   15.038
   16.945   18.025   18.280   20.902   22.531
           -0.465000  0.465000  0.000000
   -6.056    0.263    1.977    3.858    8.142   10.078   10.265   10.648   12.051   15.165
   16.817   17.803   18.304   20.636   22.578
           -0.450000  0.450000  0.000000
   -6.115    0.358    2.079    3.913    8.196    9.975   10.175   10.591   11.991   15.227
   16.703   17.587   18.384   20.366   22.555
           -0.435000  0.435000  0.000000
   -6.175    0.460    2.184    3.965    8.243    9.876   10.088   10.544   11.940   15.220
   16.601   17.387   18.517   20.093   22.488
           -0.420000  0.420000  0.000000
   -6.235    0.567    2.291    4.017    8.282    9.780   10.005   10.506   11.897   15.148
   16.507   17.207   18.700   19.823   22.373
           -0.405000  0.405000  0.000000
   -6.294    0.681    2.401    4.066    8.312    9.688    9.926   10.478   11.862   15.025
   16.415   17.046   18.926   19.557   22.211
           -0.390000  0.390000  0.000000
   -6.353    0.800    2.512    4.113    8.332    9.600    9.851   10.459   11.837   14.866
   16.318   16.904   19.152   19.333   22.010
           -0.375000  0.375000  0.000000
   -6.412    0.925    2.624    4.159    8.342    9.517    9.778   10.448   11.821   14.683
   16.214   16.780   19.007   19.514   21.778
           -0.360000  0.360000  0.000000
   -6.469    1.056    2.738    4.202    8.342    9.438    9.709   10.443   11.814   14.488
   16.103   16.671   18.760   19.827   21.523
           -0.345000  0.345000  0.000000
   -6.526    1.192    2.852    4.242    8.333    9.364    9.643   10.442   11.816   14.290
   15.984   16.574   18.516   20.162   21.252
           -0.330000  0.330000  0.000000
   -6.581    1.333    2.966    4.280    8.316    9.295    9.580   10.441   11.829   14.095
   15.861   16.487   18.280   20.510   20.971
           -0.315000  0.315000  0.000000
   -6.635    1.478    3.080    4.316    8.290    9.231    9.520   10.437   11.851   13.908
   15.733   16.408   18.053   20.684   20.868
           -0.300000  0.300000  0.000000
   -6.687    1.629    3.193    4.349    8.258    9.172    9.462   10.427   11.882   13.737
   15.601   16.335   17.838   20.393   21.230
           -0.285000  0.285000  0.000000
   -6.738    1.783    3.306    4.380    8.219    9.118    9.408   10.405   11.924   13.584
   15.466   16.269   17.634   20.101   21.588
           -0.270000  0.270000  0.000000
   -6.786    1.942    3.417    4.408    8.174    9.070    9.356   10.369   11.974   13.454
   15.327   16.209   17.443   19.809   21.915
           -0.255000  0.255000  0.000000
   -6.833    2.105    3.525    4.433    8.124    9.027    9.307   10.316   12.035   13.351
   15.186   16.155   17.266   19.520   22.102
           -0.240000  0.240000  0.000000
   -6.877    2.271    3.632    4.457    8.069    8.989    9.261   10.245   12.104   13.274
   15.042   16.106   17.102   19.233   22.016
           -0.225000  0.225000  0.000000
   -6.920    2.441    3.735    4.477    8.008    8.957    9.217   10.156   12.182   13.225
   14.896   16.063   16.952   18.950   21.809
           -0.210000  0.210000  0.000000
   -6.960    2.613    3.835    4.496    7.943    8.930    9.177   10.051   12.268   13.201
   14.749   16.026   16.816   18.671   21.574
           -0.195000  0.195000  0.000000
   -6.997    2.787    3.931    4.513    7.872    8.909    9.138    9.935   12.362   13.198
   14.602   15.995   16.693   18.398   21.334
           -0.180000  0.180000  0.000000
   -7.032    2.964    4.022    4.527    7.795    8.892    9.103    9.811   12.464   13.214
   14.456   15.971   16.584   18.131   21.096
           -0.165000  0.165000  0.000000
   -7.065    3.141    4.108    4.540    7.711    8.880    9.070    9.683   12.572   13.243
   14.313   15.954   16.486   17.870   20.864
           -0.150000  0.150000  0.000000
   -7.095    3.319    4.189    4.551    7.620    8.872    9.040    9.558   12.685   13.282
   14.175   15.942   16.399   17.618   20.641
           -0.135000  0.135000  0.000000
   -7.122    3.495    4.263    4.561    7.522    8.868    9.013    9.437   12.803   13.327
   14.043   15.938   16.323   17.374   20.429
           -0.120000  0.120000  0.000000
   -7.146    3.670    4.331    4.569    7.418    8.867    8.989    9.325   12.924   13.375
   13.919   15.939   16.257   17.141   20.230
           -0.105000  0.105000  0.000000
   -7.168    3.840    4.392    4.576    7.307    8.869    8.967    9.224   13.045   13.423
   13.805   15.945   16.200   16.920   20.045
           -0.090000  0.090000  0.000000
   -7.187    4.004    4.445    4.582    7.193    8.873    8.949    9.136   13.166   13.468
   13.703   15.956   16.152   16.714   19.878
           -0.075000  0.075000  0.000000
   -7.203    4.159    4.491    4.586    7.079    8.878    8.933    9.062   13.282   13.505
   13.617   15.970   16.112   16.526   19.730
           -0.060000  0.060000  0.000000
   -7.216    4.299    4.528    4.590    6.970    8.884    8.920    9.002   13.390   13.511
   13.571   15.985   16.079   16.360   19.604
           -0.045000  0.045000  0.000000
   -7.226    4.420    4.558    4.593    6.873    8.889    8.910    8.955   13.465   13.483
   13.586   16.000   16.055   16.220   19.503
           -0.030000  0.030000  0.000000
   -7.234    4.515    4.579    4.595    6.794    8.893    8.902    8.923   13.423   13.557
   13.605   16.012   16.037   16.113   19.429
           -0.015000  0.015000  0.000000
   -7.238    4.575    4.592    4.596    6.743    8.896    8.898    8.903   13.397   13.605
   13.617   16.020   16.027   16.046   19.383
            0.000000  0.000000  0.000000
   -7.240    4.596    4.596    4.596    6.726    8.897    8.897    8.897   13.389   13.621
   13.621   16.023   16.023   16.023   19.368
           -0.010000  0.010000  0.010000
   -7.239    4.581    4.595    4.595    6.737    8.897    8.899    8.899   13.394   13.614
   13.614   16.017   16.034   16.034   19.378
           -0.020000  0.020000  0.020000
   -7.236    4.538    4.592    4.592    6.772    8.899    8.905    8.905   13.412   13.594
   13.594   15.998   16.067   16.067   19.409
           -0.030000  0.030000  0.030000
   -7.231    4.469    4.586    4.586    6.826    8.902    8.915    8.915   13.441   13.561
   13.561   15.968   16.120   16.120   19.458
           -0.040000  0.040000  0.040000
   -7.224    4.378    4.579    4.579    6.895    8.908    8.929    8.929   13.481   13.518
   13.518   15.928   16.192   16.192   19.526
           -0.050000  0.050000  0.050000
   -7.215    4.269    4.569    4.569    6.973    8.918    8.947    8.947   13.467   13.467
   13.531   15.880   16.281   16.281   19.611
           -0.060000  0.060000  0.060000
   -7.205    4.147    4.557    4.557    7.056    8.933    8.969    8.969   13.410   13.410
   13.591   15.825   16.385   16.385   19.712
           -0.070000  0.070000  0.070000
   -7.192    4.014    4.544    4.544    7.140    8.955    8.994    8.994   13.348   13.348
   13.659   15.765   16.502   16.502   19.826
           -0.080000  0.080000  0.080000
   -7.177    3.873    4.528    4.528    7.219    8.986    9.022    9.022   13.283   13.283
   13.735   15.703   16.630   16.630   19.952
           -0.090000  0.090000  0.090000
   -7.161    3.726    4.511    4.511    7.291    9.027    9.052    9.052   13.218   13.218
   13.817   15.642   16.768   16.768   20.090
           -0.100000  0.100000  0.100000
   -7.143    3.574    4.493    4.493    7.354    9.082    9.085    9.085   13.154   13.154
   13.902   15.583   16.914   16.914   20.237
           -0.110000  0.110000  0.110000
   -7.123    3.419    4.473    4.473    7.404    9.119    9.119    9.150   13.091   13.091
   13.988   15.531   17.068   17.068   20.393
           -0.120000  0.120000  0.120000
   -7.101    3.261    4.452    4.452    7.442    9.155    9.155    9.231   13.031   13.031
   14.071   15.489   17.229   17.229   20.556
           -0.130000  0.130000  0.130000
   -7.077    3.102    4.430    4.430    7.468    9.191    9.191    9.326   12.976   12.976
   14.147   15.462   17.396   17.396   20.727
           -0.140000  0.140000  0.140000
   -7.052    2.941    4.408    4.408    7.482    9.228    9.228    9.433   12.925   12.925
   14.209   15.457   17.568   17.568   20.903
           -0.150000  0.150000  0.150000
   -7.024    2.780    4.384    4.384    7.486    9.265    9.265    9.550   12.880   12.880
   14.254   15.478   17.745   17.745   21.083
           -0.160000  0.160000  0.160000
   -6.996    2.620    4.360    4.360    7.481    9.300    9.300    9.677   12.842   12.842
   14.277   15.528   17.927   17.927   21.268
           -0.170000  0.170000  0.170000
   -6.965    2.459    4.335    4.335    7.469    9.335    9.335    9.810   12.811   12.811
   14.279   15.607   18.112   18.112   21.456
           -0.180000  0.180000  0.180000
   -6.933    2.299    4.310    4.310    7.451    9.367    9.367    9.950   12.788   12.788
   14.262   15.713   18.300   18.300   21.645
           -0.190000  0.190000  0.190000
   -6.900    2.141    4.285    4.285    7.429    9.397    9.397   10.093   12.774   12.774
   14.233   15.841   18.492   18.492   21.833
           -0.200000  0.200000  0.200000
   -6.865    1.983    4.260    4.260    7.403    9.423    9.423   10.240   12.769   12.769
   14.193   15.985   18.685   18.685   22.016
           -0.210000  0.210000  0.210000
   -6.829    1.827    4.234    4.234    7.374    9.447    9.447   10.389   12.773   12.773
   14.149   16.144   18.879   18.879   22.191
           -0.220000  0.220000  0.220000
   -6.791    1.673    4.209    4.209    7.344    9.466    9.466   10.539   12.788   12.788
   14.101   16.312   19.074   19.074   22.346
           -0.230000  0.230000  0.230000
   -6.752    1.521    4.184    4.184    7.312    9.482    9.482   10.689   12.812   12.812
   14.054   16.488   19.268   19.268   22.467
           -0.240000  0.240000  0.240000
   -6.712    1.371    4.160    4.160    7.279    9.494    9.494   10.838   12.847   12.847
   14.008   16.671   19.458   19.458   22.535
           -0.250000  0.250000  0.250000
   -6.671    1.224    4.136    4.136    7.246    9.502    9.502   10.985   12.892   12.892
   13.965   16.857   19.643   19.643   22.536
           -0.260000  0.260000  0.260000
   -6.629    1.079    4.112    4.112    7.212    9.506    9.506   11.130   12.947   12.947
   13.927   17.046   19.818   19.818   22.476
           -0.270000  0.270000  0.270000
   -6.587    0.937    4.089    4.089    7.179    9.506    9.506   11.271   13.012   13.012
   13.894   17.235   19.976   19.976   22.376
           -0.280000  0.280000  0.280000
   -6.543    0.798    4.066    4.066    7.146    9.503    9.503   11.406   13.087   13.087
   13.870   17.423   20.107   20.107   22.236
           -0.290000  0.290000  0.290000
   -6.500    0.662    4.044    4.044    7.114    9.496    9.496   11.535   13.170   13.170
   13.854   17.607   20.196   20.196   22.122
           -0.300000  0.300000  0.300000
   -6.455    0.530    4.023    4.023    7.082    9.487    9.487   11.656   13.263   13.263
   13.849   17.784   20.229   20.229   22.002
           -0.310000  0.310000  0.310000
   -6.411    0.402    4.002    4.002    7.052    9.476    9.476   11.767   13.364   13.364
   13.856   17.952   20.197   20.197   21.885
           -0.320000  0.320000  0.320000
   -6.366    0.278    3.983    3.983    7.023    9.463    9.463   11.867   13.473   13.473
   13.877   18.106   20.105   20.105   21.783
           -0.330000  0.330000  0.330000
   -6.322    0.158    3.964    3.964    6.994    9.449    9.449   11.954   13.589   13.589
   13.913   18.242   19.967   19.967   21.702
           -0.340000  0.340000  0.340000
   -6.278    0.042    3.946    3.946    6.968    9.433    9.433   12.029   13.712   13.712
   13.963   18.355   19.797   19.797   21.647
           -0.350000  0.350000  0.350000
   -6.235   -0.069    3.929    3.929    6.942    9.417    9.417   12.090   13.842   13.842
   14.029   18.440   19.607   19.607   21.624
           -0.360000  0.360000  0.360000
   -6.192   -0.175    3.913    3.913    6.918    9.401    9.401   12.139   13.978   13.978
   14.110   18.493   19.404   19.404   21.637
           -0.370000  0.370000  0.370000
   -6.151   -0.275    3.898    3.898    6.895    9.384    9.384   12.177   14.120   14.120
   14.203   18.514   19.194   19.194   21.688
           -0.380000  0.380000  0.380000
   -6.111   -0.370    3.884    3.884    6.874    9.368    9.368   12.204   14.267   14.267
   14.307   18.502   18.979   18.979   21.776
           -0.390000  0.390000  0.390000
   -6.072   -0.459    3.871    3.871    6.854    9.352    9.352   12.224   14.420   14.420
   14.421   18.462   18.762   18.762   21.899
           -0.400000  0.400000  0.400000
   -6.036   -0.541    3.859    3.859    6.836    9.336    9.336   12.237   14.540   14.578
   14.578   18.398   18.544   18.544   22.051
           -0.410000  0.410000  0.410000
   -6.002   -0.617    3.849    3.849    6.820    9.322    9.322   12.245   14.664   14.740
   14.740   18.316   18.326   18.326   22.229
           -0.420000  0.420000  0.420000
   -5.970   -0.686    3.839    3.839    6.805    9.309    9.309   12.249   14.789   14.906
   14.906   18.108   18.108   18.221   22.428
           -0.430000  0.430000  0.430000
   -5.942   -0.748    3.830    3.830    6.792    9.297    9.297   12.251   14.914   15.076
   15.076   17.893   17.893   18.119   22.643
           -0.440000  0.440000  0.440000
   -5.916   -0.803    3.823    3.823    6.781    9.286    9.286   12.251   15.034   15.250
   15.250   17.680   17.680   18.014   22.871
           -0.450000  0.450000  0.450000
   -5.894   -0.849    3.817    3.817    6.771    9.277    9.277   12.250   15.148   15.427
   15.427   17.470   17.470   17.912   23.109
           -0.460000  0.460000  0.460000
   -5.876   -0.888    3.811    3.811    6.763    9.269    9.269   12.248   15.251   15.605
   15.605   17.264   17.264   17.817   23.353
           -0.470000  0.470000  0.470000
   -5.861   -0.918    3.807    3.807    6.757    9.263    9.263   12.247   15.338   15.783
   15.783   17.064   17.064   17.734   23.598
           -0.480000  0.480000  0.480000
   -5.850   -0.940    3.804    3.804    6.753    9.259    9.259   12.245   15.406   15.957
   15.957   16.875   16.875   17.670   23.837
           -0.490000  0.490000  0.490000
   -5.844   -0.953    3.803    3.803    6.750    9.256    9.256   12.244   15.449   16.110
   16.110   16.713   16.713   17.629   24.045
           -0.500000  0.500000  0.500000
   -5.842   -0.957    3.802    3.802    6.749    9.255    9.255   12.244   15.464   16.184
   16.184   16.636   16.636   17.615   24.143
           -0.510000  0.500000  0.490000
   -5.841   -0.956    3.796    3.801    6.756    9.253    9.258   12.248   15.452   16.162
   16.168   16.654   16.663   17.624   24.141
           -0.520000  0.500000  0.480000
   -5.840   -0.955    3.776    3.798    6.775    9.244    9.267   12.261   15.416   16.105
   16.133   16.697   16.736   17.652   24.136
           -0.530000  0.500000  0.470000
   -5.838   -0.952    3.745    3.792    6.807    9.230    9.281   12.281   15.359   16.025
   16.098   16.749   16.837   17.698   24.127
           -0.540000  0.500000  0.460000
   -5.834   -0.948    3.702    3.784    6.849    9.211    9.300   12.308   15.284   15.933
   16.070   16.801   16.955   17.762   24.115
           -0.550000  0.500000  0.450000
   -5.830   -0.942    3.648    3.773    6.902    9.188    9.326   12.341   15.193   15.837
   16.051   16.847   17.083   17.842   24.099
           -0.560000  0.500000  0.440000
   -5.825   -0.936    3.586    3.761    6.963    9.161    9.358   12.379   15.093   15.739
   16.041   16.887   17.217   17.938   24.079
           -0.570000  0.500000  0.430000
   -5.819   -0.928    3.516    3.746    7.031    9.132    9.396   12.420   14.985   15.642
   16.037   16.922   17.355   18.046   24.054
           -0.580000  0.500000  0.420000
   -5.812   -0.920    3.440    3.728    7.104    9.100    9.441   12.463   14.874   15.549
   16.040   16.951   17.497   18.166   24.025
           -0.590000  0.500000  0.410000
   -5.805   -0.910    3.359    3.708    7.181    9.066    9.492   12.506   14.759   15.461
   16.047   16.977   17.640   18.294   23.990
           -0.600000  0.500000  0.400000
   -5.796   -0.899    3.273    3.686    7.261    9.032    9.551   12.546   14.644   15.380
   16.058   17.000   17.785   18.430   23.951
           -0.610000  0.500000  0.390000
   -5.786   -0.887    3.184    3.662    7.342    8.997    9.616   12.582   14.529   15.308
   16.073   17.021   17.930   18.572   23.905
           -0.620000  0.500000  0.380000
   -5.776   -0.874    3.093    3.635    7.424    8.963    9.689   12.611   14.413   15.248
   16.092   17.041   18.076   18.719   23.855
           -0.630000  0.500000  0.370000
   -5.765   -0.860    3.000    3.606    7.505    8.930    9.770   12.632   14.299   15.200
   16.114   17.059   18.221   18.871   23.799
           -0.640000  0.500000  0.360000
   -5.753   -0.846    2.906    3.575    7.585    8.899    9.858   12.642   14.184   15.166
   16.140   17.077   18.366   19.026   23.737
           -0.650000  0.500000  0.350000
   -5.741   -0.830    2.811    3.541    7.663    8.870    9.953   12.641   14.070   15.148
   16.170   17.095   18.511   19.185   23.671
           -0.660000  0.500000  0.340000
   -5.728   -0.814    2.716    3.505    7.738    8.844   10.056   12.627   13.956   15.145
   16.204   17.112   18.655   19.347   23.599
           -0.670000  0.500000  0.330000
   -5.714   -0.797    2.622    3.467    7.810    8.821   10.166   12.601   13.843   15.158
   16.243   17.130   18.798   19.512   23.523
           -0.680000  0.500000  0.320000
   -5.699   -0.779    2.529    3.426    7.879    8.802   10.283   12.564   13.730   15.184
   16.288   17.148   18.939   19.679   23.443
           -0.690000  0.500000  0.310000
   -5.684   -0.760    2.437    3.384    7.944    8.788   10.406   12.516   13.617   15.222
   16.338   17.166   19.080   19.847   23.358
           -0.700000  0.500000  0.300000
   -5.669   -0.741    2.347    3.339    8.005    8.778   10.534   12.459   13.504   15.269
   16.395   17.184   19.219   20.017   23.269
           -0.710000  0.500000  0.290000
   -5.652   -0.722    2.258    3.293    8.061    8.773   10.668   12.395   13.392   15.323
   16.459   17.203   19.356   20.188   23.175
           -0.720000  0.500000  0.280000
   -5.636   -0.702    2.172    3.245    8.113    8.775   10.805   12.327   13.280   15.382
   16.531   17.223   19.492   20.359   23.076
           -0.730000  0.500000  0.270000
   -5.619   -0.683    2.089    3.195    8.161    8.782   10.944   12.255   13.169   15.443
   16.611   17.244   19.626   20.530   22.972
           -0.740000  0.500000  0.260000
   -5.602   -0.663    2.008    3.143    8.204    8.796   11.084   12.184   13.059   15.504
   16.700   17.266   19.759   20.701   22.863
           -0.750000  0.500000  0.250000
   -5.584   -0.643    1.931    3.090    8.242    8.817   11.220   12.117   12.951   15.564
   16.796   17.290   19.889   20.870   22.749
           -0.760000  0.500000  0.240000
   -5.566   -0.623    1.857    3.035    8.277    8.844   11.344   12.062   12.845   15.622
   16.898   17.318   20.016   21.036   22.630
           -0.770000  0.500000  0.230000
   -5.548   -0.604    1.786    2.979    8.308    8.876   11.442   12.031   12.743   15.677
   17.002   17.354   20.141   21.197   22.508
           -0.780000  0.500000  0.220000
   -5.530   -0.585    1.720    2.922    8.337    8.914   11.494   12.042   12.649   15.729
   17.099   17.405   20.262   21.347   22.387
           -0.790000  0.500000  0.210000
   -5.512   -0.567    1.658    2.864    8.363    8.957   11.491   12.095   12.572   15.778
   17.180   17.480   20.378   21.478   22.278
           -0.800000  0.500000  0.200000
   -5.494   -0.550    1.601    2.805    8.388    9.003   11.449   12.146   12.538   15.824
   17.237   17.585   20.489   21.569   22.201
           -0.810000  0.500000  0.190000
   -5.477   -0.534    1.549    2.745    8.413    9.053   11.386   12.141   12.585   15.868
   17.276   17.714   20.592   21.589   22.191
           -0.820000  0.500000  0.180000
   -5.459   -0.520    1.501    2.685    8.438    9.106   11.313   12.082   12.701   15.910
   17.304   17.858   20.681   21.536   22.250
           -0.830000  0.500000  0.170000
   -5.442   -0.506    1.459    2.624    8.463    9.162   11.236   11.998   12.848   15.950
   17.326   18.011   20.745   21.454   22.343
           -0.840000  0.500000  0.160000
   -5.425   -0.494    1.423    2.563    8.488    9.220   11.157   11.905   13.010   15.988
   17.343   18.170   20.767   21.388   22.427
           -0.850000  0.500000  0.150000
   -5.409   -0.484    1.392    2.502    8.514    9.279   11.078   11.809   13.178   16.025
   17.357   18.333   20.726   21.371   22.454
           -0.860000  0.500000  0.140000
   -5.393   -0.476    1.367    2.442    8.541    9.341   10.999   11.711   13.349   16.062
   17.367   18.495   20.631   21.403   22.420
           -0.870000  0.500000  0.130000
   -5.377   -0.469    1.347    2.381    8.568    9.404   10.922   11.614   13.521   16.099
   17.375   18.655   20.505   21.464   22.365
           -0.880000  0.500000  0.120000
   -5.363   -0.463    1.334    2.321    8.595    9.469   10.848   11.516   13.693   16.136
   17.379   18.807   20.373   21.539   22.303
           -0.890000  0.500000  0.110000
   -5.349   -0.460    1.325    2.262    8.623    9.535   10.776   11.420   13.862   16.174
   17.380   18.943   20.250   21.619   22.240
           -0.900000  0.500000  0.100000
   -5.336   -0.457    1.322    2.204    8.651    9.602   10.707   11.325   14.027   16.213
   17.377   19.051   20.154   21.699   22.176
           -0.910000  0.500000  0.090000
   -5.324   -0.456    1.324    2.147    8.679    9.670   10.643   11.231   14.186   16.255
   17.369   19.114   20.106   21.777   22.113
           -0.920000  0.500000  0.080000
   -5.314   -0.456    1.331    2.092    8.706    9.739   10.583   11.139   14.338   16.301
   17.356   19.117   20.121   21.848   22.055
           -0.930000  0.500000  0.070000
   -5.304   -0.457    1.342    2.039    8.732    9.809   10.528   11.048   14.480   16.350
   17.335   19.070   20.193   21.889   22.027
           -0.940000  0.500000  0.060000
   -5.295   -0.458    1.356    1.989    8.756    9.878   10.479   10.959   14.609   16.405
   17.307   18.993   20.302   21.861   22.066
           -0.950000  0.500000  0.050000
   -5.288   -0.459    1.372    1.942    8.778    9.947   10.437   10.874   14.724   16.465
   17.270   18.906   20.430   21.800   22.137
           -0.960000  0.500000  0.040000
   -5.282   -0.461    1.390    1.899    8.797   10.014   10.403   10.791   14.821   16.531
   17.224   18.823   20.562   21.731   22.218
           -0.970000  0.500000  0.030000
   -5.277   -0.462    1.407    1.862    8.813   10.076   10.379   10.714   14.899   16.602
   17.170   18.751   20.688   21.660   22.304
           -0.980000  0.500000  0.020000
   -5.274   -0.463    1.423    1.833    8.825   10.129   10.367   10.645   14.956   16.672
   17.112   18.697   20.797   21.594   22.392
           -0.990000  0.500000  0.010000
   -5.272   -0.464    1.433    1.814    8.832   10.164   10.367   10.593   14.990   16.731
   17.059   18.664   20.876   21.543   22.474
           -1.000000  0.500000  0.000000
   -5.271   -0.464    1.437    1.808    8.834   10.176   10.369   10.572   15.002   16.757
   17.036   18.653   20.905   21.523   22.514
           -1.000000  0.490000  0.000000
   -5.271   -0.465    1.438    1.808    8.826   10.148   10.378   10.601   15.002   16.757
   17.036   18.652   20.906   21.524   22.515
           -1.000000  0.480000  0.000000
   -5.271   -0.466    1.441    1.810    8.804   10.079   10.403   10.673   15.001   16.757
   17.035   18.651   20.908   21.527   22.517
           -1.000000  0.470000  0.000000
   -5.271   -0.468    1.446    1.812    8.768    9.991   10.444   10.764   15.001   16.757
   17.035   18.649   20.912   21.533   22.520
           -1.000000  0.460000  0.000000
   -5.271   -0.472    1.453    1.816    8.720    9.896   10.498   10.866   15.000   16.757
   17.035   18.646   20.917   21.540   22.525
           -1.000000  0.450000  0.000000
   -5.271   -0.476    1.462    1.821    8.663    9.797   10.563   10.972   15.000   16.757
   17.034   18.642   20.923   21.549   22.531
           -1.000000  0.440000  0.000000
   -5.272   -0.481    1.473    1.826    8.598    9.696   10.638   11.081   14.999   16.758
   17.033   18.638   20.930   21.560   22.538
           -1.000000  0.430000  0.000000
   -5.272   -0.486    1.485    1.833    8.527    9.595   10.720   11.192   14.998   16.758
   17.033   18.633   20.938   21.572   22.547
           -1.000000  0.420000  0.000000
   -5.273   -0.493    1.500    1.841    8.452    9.494   10.809   11.305   14.997   16.758
   17.032   18.627   20.946   21.586   22.486
           -1.000000  0.410000  0.000000
   -5.273   -0.500    1.516    1.849    8.373    9.394   10.903   11.419   14.996   16.758
   17.031   18.620   20.955   21.600   22.415
           -1.000000  0.400000  0.000000
   -5.274   -0.508    1.533    1.859    8.292    9.294   11.001   11.535   14.995   16.759
   17.030   18.613   20.964   21.615   22.341
           -1.000000  0.390000  0.000000
   -5.274   -0.516    1.552    1.869    8.209    9.195   11.103   11.651   14.993   16.759
   17.029   18.605   20.972   21.630   22.265
           -1.000000  0.380000  0.000000
   -5.275   -0.525    1.573    1.880    8.125    9.097   11.207   11.767   14.992   16.760
   17.027   18.596   20.978   21.643   22.188
           -1.000000  0.370000  0.000000
   -5.275   -0.534    1.595    1.893    8.040    9.000   11.314   11.884   14.991   16.761
   17.026   18.588   20.982   21.653   22.112
           -1.000000  0.360000  0.000000
   -5.276   -0.544    1.618    1.906    7.955    8.904   11.423   12.002   14.989   16.762
   17.025   18.578   20.981   21.658   22.039
           -1.000000  0.350000  0.000000
   -5.277   -0.554    1.643    1.920    7.870    8.809   11.534   12.120   14.988   16.763
   17.024   18.569   20.975   21.656   21.971
           -1.000000  0.340000 -0.000000
   -5.278   -0.565    1.668    1.935    7.785    8.715   11.646   12.239   14.987   16.764
   17.022   18.559   20.960   21.641   21.911
           -1.000000  0.330000  0.000000
   -5.279   -0.576    1.695    1.950    7.701    8.623   11.760   12.358   14.986   16.765
   17.021   18.548   20.935   21.611   21.860
           -1.000000  0.320000  0.000000
   -5.280   -0.586    1.723    1.966    7.617    8.532   11.875   12.477   14.984   16.766
   17.019   18.538   20.898   21.563   21.822
           -1.000000  0.310000  0.000000
   -5.281   -0.597    1.751    1.983    7.534    8.442   11.990   12.596   14.983   16.768
   17.018   18.527   20.849   21.495   21.796
           -1.000000  0.300000  0.000000
   -5.281   -0.609    1.780    2.001    7.452    8.354   12.106   12.716   14.983   16.770
   17.016   18.516   20.786   21.410   21.784
           -1.000000  0.290000  0.000000
   -5.282   -0.620    1.810    2.019    7.371    8.267   12.223   12.835   14.982   16.772
   17.015   18.505   20.713   21.312   21.784
           -1.000000  0.280000  0.000000
   -5.283   -0.631    1.841    2.038    7.291    8.182   12.340   12.954   14.982   16.775
   17.014   18.495   20.629   21.203   21.795
           -1.000000  0.270000  0.000000
   -5.284   -0.642    1.872    2.057    7.212    8.099   12.457   13.073   14.982   16.778
   17.012   18.484   20.537   21.087   21.814
           -1.000000  0.260000  0.000000
   -5.285   -0.653    1.903    2.077    7.136    8.018   12.575   13.191   14.983   16.781
   17.011   18.473   20.439   20.966   21.842
           -1.000000  0.250000  0.000000
   -5.286   -0.663    1.934    2.097    7.060    7.938   12.692   13.309   14.985   16.785
   17.010   18.462   20.336   20.842   21.875
           -1.000000  0.240000  0.000000
   -5.287   -0.674    1.966    2.117    6.986    7.860   12.809   13.426   14.987   16.789
   17.009   18.451   20.229   20.716   21.915
           -1.000000  0.230000  0.000000
   -5.288   -0.684    1.998    2.138    6.914    7.784   12.925   13.541   14.990   16.794
   17.008   18.440   20.118   20.588   21.958
           -1.000000  0.220000  0.000000
   -5.289   -0.695    2.029    2.159    6.844    7.711   13.041   13.656   14.994   16.800
   17.008   18.430   20.006   20.459   22.006
           -1.000000  0.210000  0.000000
   -5.290   -0.705    2.061    2.180    6.776    7.639   13.156   13.768   15.000   16.806
   17.007   18.419   19.892   20.329   22.057
           -1.000000  0.200000  0.000000
   -5.291   -0.714    2.092    2.201    6.710    7.570   13.270   13.878   15.008   16.813
   17.007   18.409   19.776   20.200   22.112
           -1.000000  0.190000  0.000000
   -5.292   -0.723    2.123    2.221    6.646    7.503   13.383   13.985   15.019   16.820
   17.007   18.399   19.659   20.071   22.169
           -1.000000  0.180000  0.000000
   -5.293   -0.732    2.153    2.242    6.584    7.439   13.494   14.088   15.033   16.829
   17.008   18.389   19.542   19.943   22.229
           -1.000000  0.170000  0.000000
   -5.294   -0.741    2.183    2.263    6.525    7.377   13.603   14.186   15.050   16.839
   17.009   18.380   19.424   19.816   22.292
           -1.000000  0.160000  0.000000
   -5.294   -0.749    2.211    2.283    6.469    7.318   13.710   14.278   15.074   16.850
   17.010   18.370   19.307   19.690   22.357
           -1.000000  0.150000  0.000000
   -5.295   -0.757    2.239    2.302    6.415    7.261   13.815   14.362   15.103   16.862
   17.013   18.361   19.190   19.567   22.425
           -1.000000  0.140000  0.000000
   -5.296   -0.764    2.266    2.321    6.363    7.208   13.916   14.437   15.140   16.876
   17.015   18.352   19.073   19.445   22.494
           -1.000000  0.130000  0.000000
   -5.297   -0.771    2.292    2.340    6.315    7.157   14.014   14.501   15.186   16.891
   17.019   18.342   18.958   19.326   22.566
           -1.000000  0.120000  0.000000
   -5.297   -0.777    2.317    2.357    6.269    7.110   14.109   14.554   15.240   16.908
   17.023   18.333   18.844   19.211   22.640
           -1.000000  0.110000  0.000000
   -5.298   -0.783    2.340    2.374    6.227    7.066   14.198   14.598   15.302   16.927
   17.028   18.323   18.732   19.099   22.715
           -1.000000  0.100000  0.000000
   -5.299   -0.789    2.361    2.390    6.188    7.025   14.283   14.632   15.369   16.947
   17.035   18.313   18.622   18.992   22.793
           -1.000000  0.090000  0.000000
   -5.299   -0.794    2.381    2.404    6.152    6.988   14.363   14.658   15.439   16.969
   17.043   18.302   18.515   18.891   22.872
           -1.000000  0.080000  0.000000
   -5.300   -0.798    2.400    2.418    6.119    6.954   14.436   14.679   15.510   16.993
   17.053   18.289   18.412   18.797   22.953
           -1.000000  0.070000  0.000000
   -5.300   -0.802    2.416    2.430    6.091    6.925   14.502   14.694   15.580   17.018
   17.064   18.275   18.313   18.712   23.035
           -1.000000  0.060000  0.000000
   -5.300   -0.806    2.430    2.441    6.065    6.898   14.561   14.706   15.646   17.043
   17.077   18.221   18.257   18.638   23.119
           -1.000000  0.050000  0.000000
   -5.301   -0.809    2.443    2.450    6.044    6.876   14.613   14.716   15.706   17.068
   17.091   18.136   18.236   18.576   23.204
           -1.000000  0.040000  0.000000
   -5.301   -0.811    2.453    2.458    6.026    6.858   14.655   14.722   15.759   17.092
   17.106   18.060   18.212   18.529   23.291
           -1.000000  0.030000  0.000000
   -5.301   -0.813    2.461    2.464    6.012    6.843   14.689   14.727   15.802   17.113
   17.120   17.997   18.187   18.494   23.378
           -1.000000  0.020000  0.000000
   -5.301   -0.814    2.467    2.468    6.002    6.833   14.713   14.731   15.834   17.130
   17.133   17.948   18.165   18.472   23.466
           -1.000000  0.010000  0.000000
   -5.301   -0.815    2.470    2.470    5.996    6.827   14.728   14.732   15.854   17.141
   17.142   17.917   18.150   18.460   23.554
           -1.000000  0.000000  0.000000
   -5.301   -0.815    2.471    2.471    5.994    6.825   14.733   14.733   15.860   17.145
   17.145   17.907   18.145   18.456   23.627
