 &plot nbnd=  40, nks=   244 /
            0.000000  0.000000  0.000000
  -60.019  -34.505  -34.193  -34.193  -13.925  -12.532   -5.486   -2.275   -2.275   -1.538
   -1.081   -1.081    0.233    3.352    3.352    3.643    3.643    5.103    5.774    6.607
    7.117    8.669    9.587   10.450   11.287   11.287   13.306   13.306   13.461   13.535
   15.458   16.703   16.703   16.707   17.117   17.117   18.977   19.674   20.581   21.294
            0.016667  0.009623  0.000000
  -60.018  -34.505  -34.194  -34.193  -13.920  -12.530   -5.480   -2.285   -2.270   -1.572
   -1.089   -1.054    0.232    3.344    3.360    3.626    3.637    5.109    5.780    6.622
    7.131    8.674    9.609   10.451   11.277   11.301   13.260   13.307   13.462   13.543
   15.458   16.659   16.712   16.767   17.101   17.116   18.994   19.691   20.620   21.292
            0.033333  0.019245  0.000000
  -60.018  -34.504  -34.198  -34.194  -13.906  -12.525   -5.465   -2.316   -2.255   -1.655
   -1.112   -0.990    0.228    3.320    3.385    3.579    3.621    5.129    5.797    6.665
    7.174    8.690    9.673   10.455   11.251   11.345   13.135   13.311   13.466   13.563
   15.458   16.557   16.738   16.915   17.053   17.112   19.043   19.737   20.734   21.287
            0.050000  0.028868  0.000000
  -60.016  -34.503  -34.204  -34.195  -13.883  -12.515   -5.439   -2.365   -2.231   -1.764
   -1.149   -0.913    0.223    3.284    3.426    3.505    3.593    5.162    5.826    6.730
    7.249    8.715    9.775   10.459   11.213   11.416   12.953   13.317   13.468   13.589
   15.457   16.405   16.780   16.975   17.107   17.140   19.124   19.803   20.917   21.279
            0.066667  0.038490  0.000000
  -60.015  -34.501  -34.214  -34.197  -13.851  -12.502   -5.403   -2.433   -2.197   -1.885
   -1.199   -0.838    0.213    3.240    3.410    3.481    3.557    5.206    5.866    6.808
    7.359    8.750    9.911   10.459   11.171   11.515   12.735   13.327   13.462   13.620
   15.456   16.221   16.837   16.870   17.104   17.422   19.237   19.881   21.158   21.265
            0.083333  0.048113  0.000000
  -60.014  -34.499  -34.226  -34.200  -13.811  -12.486   -5.359   -2.515   -2.154   -2.014
   -1.260   -0.771    0.199    3.193    3.300    3.512    3.548    5.261    5.917    6.892
    7.507    8.795   10.072   10.449   11.134   11.640   12.500   13.341   13.441   13.657
   15.453   16.021   16.740   16.908   17.105   17.744   19.379   19.970   21.243   21.436
            0.100000  0.057735  0.000000
  -60.011  -34.496  -34.240  -34.203  -13.761  -12.466   -5.306   -2.610   -2.147   -2.102
   -1.331   -0.718    0.178    3.150    3.182    3.460    3.625    5.327    5.980    6.977
    7.690    8.848   10.248   10.425   11.111   11.789   12.265   13.363   13.402   13.696
   15.444   15.819   16.588   16.991   17.116   18.092   19.547   20.071   21.193   21.714
            0.116667  0.067358  0.000000
  -60.010  -34.492  -34.256  -34.207  -13.704  -12.443   -5.247   -2.715   -2.282   -2.041
   -1.410   -0.681    0.150    3.063    3.117    3.402    3.710    5.403    6.053    7.064
    7.900    8.909   10.386   10.420   11.106   11.960   12.051   13.342   13.393   13.734
   15.429   15.628   16.419   17.083   17.140   18.453   19.736   20.185   21.024   21.537
            0.133333  0.076980  0.000000
  -60.008  -34.489  -34.275  -34.211  -13.638  -12.417   -5.182   -2.826   -2.420   -1.973
   -1.496   -0.662    0.112    2.948    3.097    3.340    3.800    5.490    6.136    7.153
    8.130    8.976   10.336   10.558   11.119   11.888   12.151   13.263   13.432   13.766
   15.402   15.460   16.234   17.182   17.184   18.815   19.935   20.301   20.608   21.076
            0.150000  0.086603  0.000000
  -60.005  -34.484  -34.295  -34.215  -13.566  -12.388   -5.114   -2.940   -2.558   -1.897
   -1.586   -0.662    0.062    2.843    3.094    3.276    3.894    5.586    6.230    7.244
    8.369    9.048   10.283   10.619   11.145   11.820   12.359   13.168   13.482   13.786
   15.329   15.361   16.039   17.243   17.290   19.165   19.987   20.242   20.286   20.734
            0.166667  0.096225  0.000000
  -60.003  -34.480  -34.316  -34.220  -13.486  -12.356   -5.046   -3.054   -2.697   -1.815
   -1.678   -0.679    0.001    2.751    3.110    3.211    3.990    5.693    6.334    7.338
    8.604    9.121   10.235   10.578   11.179   11.869   12.582   13.065   13.544   13.787
   15.246   15.306   15.837   17.323   17.400   19.479   19.492   19.898   20.403   20.804
            0.183333  0.105848  0.000000
  -60.001  -34.476  -34.339  -34.226  -13.400  -12.322   -4.982   -3.163   -2.837   -1.773
   -1.728   -0.713   -0.072    2.677    3.144    3.147    4.086    5.810    6.447    7.434
    8.818    9.189   10.203   10.465   11.220   12.001   12.813   12.964   13.620   13.773
   15.219   15.237   15.633   17.418   17.511   18.953   19.373   19.802   20.470   20.746
            0.200000  0.115470  0.000000
  -59.998  -34.471  -34.363  -34.231  -13.307  -12.285   -4.924   -3.264   -2.976   -1.868
   -1.636   -0.760   -0.155    2.622    3.085    3.196    4.179    5.936    6.569    7.533
    8.992    9.243   10.193   10.332   11.269   12.162   12.876   13.049   13.710   13.756
   15.159   15.247   15.434   17.523   17.623   18.421   18.888   20.042   20.097   20.917
            0.216667  0.125093  0.000000
  -59.994  -34.466  -34.387  -34.236  -13.210  -12.247   -4.879   -3.352   -3.115   -1.962
   -1.540   -0.817   -0.246    2.588    3.026    3.264    4.269    6.073    6.699    7.634
    9.106    9.268   10.205   10.221   11.335   12.304   12.810   13.276   13.762   13.814
   15.075   15.250   15.323   17.601   17.733   17.934   18.405   19.650   20.255   20.651
            0.233333  0.134715  0.000000
  -59.991  -34.461  -34.412  -34.242  -13.108  -12.206   -4.852   -3.424   -3.253   -2.054
   -1.441   -0.883   -0.341    2.572    2.971    3.345    4.355    6.219    6.836    7.736
    9.156    9.248   10.161   10.220   11.431   12.394   12.775   13.476   13.818   13.933
   14.993   15.101   15.437   17.315   17.824   17.839   17.936   19.201   20.256   20.472
            0.250000  0.144338  0.000000
  -59.988  -34.455  -34.437  -34.248  -13.003  -12.165   -4.847   -3.477   -3.390   -2.144
   -1.341   -0.952   -0.433    2.575    2.922    3.435    4.436    6.374    6.980    7.838
    9.147    9.180   10.162   10.221   11.562   12.418   12.775   13.615   13.937   14.065
   14.920   15.022   15.579   16.826   17.485   17.916   17.940   18.774   19.877   20.637
            0.266667  0.153960  0.000000
  -59.986  -34.462  -34.450  -34.254  -12.895  -12.122   -4.865   -3.525   -3.512   -2.231
   -1.242   -1.024   -0.518    2.593    2.880    3.533    4.511    6.539    7.127    7.938
    9.083    9.089   10.203   10.209   11.714   12.387   12.812   13.653   14.107   14.211
   14.866   15.052   15.736   16.336   17.064   17.947   18.036   18.434   19.495   20.789
            0.283333  0.163583  0.000000
  -59.983  -34.487  -34.445  -34.260  -12.785  -12.080   -4.905   -3.657   -3.533   -2.313
   -1.143   -1.094   -0.590    2.626    2.845    3.633    4.580    6.711    7.276    8.036
    8.978    8.987   10.181   10.282   11.854   12.324   12.893   13.586   14.302   14.370
   14.839   15.195   15.860   15.878   16.700   17.730   18.125   18.361   19.128   20.897
            0.300000  0.173205  0.000000
  -59.980  -34.511  -34.440  -34.265  -12.674  -12.037   -4.963   -3.785   -3.546   -2.392
   -1.163   -1.048   -0.644    2.670    2.817    3.734    4.642    6.889    7.423    8.129
    8.848    8.884   10.171   10.364   11.949   12.250   13.020   13.446   14.494   14.539
   14.840   15.407   15.417   15.901   16.502   17.374   18.207   18.444   18.784   20.779
            0.316667  0.182828  0.000000
  -59.978  -34.535  -34.435  -34.271  -12.564  -11.995   -5.034   -3.908   -3.558   -2.466
   -1.227   -0.956   -0.677    2.725    2.797    3.833    4.699    7.073    7.562    8.209
    8.688    8.813   10.184   10.443   11.985   12.180   13.181   13.270   14.646   14.716
   14.794   15.060   15.683   15.724   16.570   17.016   18.283   18.471   18.549   20.532
            0.333333  0.192450  0.000000
  -59.976  -34.557  -34.430  -34.276  -12.456  -11.953   -5.113   -4.026   -3.574   -2.534
   -1.287   -0.870   -0.686    2.786    2.787    3.926    4.748    7.256    7.689    8.237
    8.560    8.776   10.220   10.508   11.968   12.127   13.079   13.348   14.470   14.687
   14.899   15.045   15.552   15.970   16.694   16.746   18.201   18.351   18.647   20.281
            0.350000  0.202073  0.000000
  -59.974  -34.578  -34.426  -34.281  -12.351  -11.914   -5.196   -4.137   -3.597   -2.597
   -1.341   -0.790   -0.673    2.782    2.855    4.013    4.792    7.430    7.795    8.137
    8.560    8.780   10.273   10.552   11.916   12.097   12.885   13.459   14.134   14.557
   15.084   15.108   15.520   16.265   16.444   16.932   17.996   18.413   18.724   20.048
            0.366667  0.211695  0.000000
  -59.972  -34.597  -34.422  -34.285  -12.251  -11.876   -5.279   -4.240   -3.628   -2.654
   -1.390   -0.717   -0.639    2.784    2.928    4.090    4.829    7.557    7.879    7.997
    8.650    8.826   10.334   10.573   11.849   12.092   12.696   13.357   13.994   14.316
   15.124   15.269   15.571   16.314   16.559   17.082   17.892   18.470   18.767   19.856
            0.383333  0.221318  0.000000
  -59.970  -34.615  -34.418  -34.289  -12.157  -11.842   -5.359   -4.334   -3.664   -2.704
   -1.433   -0.652   -0.589    2.793    3.003    4.157    4.862    7.523    7.943    7.993
    8.774    8.909   10.389   10.573   11.787   12.107   12.518   13.046   14.033   14.050
   15.065   15.448   15.618   16.323   16.842   17.166   17.916   18.521   18.769   19.721
            0.400000  0.230940  0.000000
  -59.969  -34.631  -34.415  -34.293  -12.071  -11.810   -5.434   -4.418   -3.704   -2.749
   -1.469   -0.596   -0.529    2.805    3.079    4.213    4.888    7.354    7.995    8.116
    8.925    9.012   10.424   10.561   11.751   12.128   12.355   12.690   13.800   14.050
   15.004   15.617   15.619   16.414   17.107   17.215   18.036   18.568   18.742   19.646
            0.416667  0.240563  0.000000
  -59.967  -34.644  -34.412  -34.296  -11.995  -11.783   -5.501   -4.491   -3.744   -2.786
   -1.500   -0.549   -0.466    2.820    3.153    4.258    4.911    7.160    8.041    8.260
    9.102    9.120   10.428   10.551   11.746   12.135   12.210   12.347   13.592   13.959
   15.026   15.570   15.772   16.509   17.274   17.348   18.187   18.609   18.720   19.613
            0.433333  0.250185  0.000000
  -59.966  -34.655  -34.410  -34.298  -11.930  -11.759   -5.559   -4.552   -3.781   -2.818
   -1.525   -0.510   -0.404    2.836    3.222    4.294    4.928    6.979    8.086    8.396
    9.215    9.302   10.400   10.554   11.710   12.087   12.097   12.109   13.443   13.775
   15.133   15.488   15.906   16.557   17.348   17.555   18.329   18.646   18.734   19.601
            0.450000  0.259808  0.000000
  -59.965  -34.664  -34.408  -34.301  -11.877  -11.741   -5.606   -4.600   -3.812   -2.842
   -1.544   -0.480   -0.349    2.851    3.283    4.320    4.942    6.824    8.127    8.512
    9.288    9.516   10.357   10.579   11.493   11.988   12.044   12.088   13.359   13.551
   15.281   15.395   16.016   16.540   17.426   17.722   18.440   18.676   18.793   19.597
            0.466667  0.269430  0.000000
  -59.964  -34.670  -34.406  -34.302  -11.839  -11.727   -5.641   -4.635   -3.836   -2.859
   -1.557   -0.459   -0.307    2.862    3.330    4.337    4.951    6.705    8.161    8.603
    9.334    9.725   10.332   10.623   11.198   11.916   11.956   12.207   13.324   13.325
   15.313   15.435   16.098   16.472   17.490   17.845   18.518   18.700   18.875   19.594
            0.483333  0.279053  0.000000
  -59.963  -34.674  -34.405  -34.303  -11.815  -11.719   -5.662   -4.657   -3.851   -2.870
   -1.566   -0.447   -0.280    2.870    3.361    4.348    4.957    6.631    8.185    8.662
    9.357    9.881   10.369   10.666   10.921   11.872   11.879   12.343   13.132   13.319
   15.256   15.563   16.149   16.391   17.532   17.920   18.563   18.715   18.945   19.591
            0.500000  0.288675  0.000000
  -59.964  -34.675  -34.405  -34.303  -11.807  -11.716   -5.669   -4.664   -3.856   -2.873
   -1.568   -0.442   -0.271    2.873    3.371    4.351    4.958    6.605    8.193    8.682
    9.363    9.933   10.440   10.685   10.768   11.848   11.857   12.412   13.045   13.319
   15.236   15.615   16.166   16.353   17.546   17.945   18.578   18.720   18.972   19.590
            0.494444  0.298298  0.000000
  -59.963  -34.675  -34.405  -34.303  -11.807  -11.715   -5.667   -4.665   -3.855   -2.874
   -1.568   -0.467   -0.253    2.873    3.372    4.354    4.951    6.607    8.205    8.689
    9.364    9.936   10.442   10.686   10.769   11.843   11.849   12.416   13.052   13.320
   15.236   15.616   16.152   16.356   17.547   17.935   18.519   18.757   18.980   19.583
            0.488889  0.307920  0.000000
  -59.962  -34.674  -34.405  -34.305  -11.804  -11.714   -5.661   -4.670   -3.853   -2.876
   -1.566   -0.524   -0.218    2.874    3.375    4.365    4.927    6.613    8.238    8.708
    9.367    9.944   10.448   10.691   10.770   11.802   11.854   12.428   13.069   13.322
   15.238   15.616   16.111   16.364   17.548   17.907   18.399   18.811   19.002   19.542
            0.483333  0.317543  0.000000
  -59.963  -34.674  -34.405  -34.307  -11.801  -11.712   -5.652   -4.678   -3.849   -2.879
   -1.562   -0.597   -0.179    2.876    3.381    4.382    4.890    6.623    8.293    8.740
    9.371    9.957   10.458   10.698   10.773   11.740   11.862   12.444   13.097   13.326
   15.240   15.616   16.047   16.378   17.549   17.864   18.253   18.859   19.028   19.410
            0.477778  0.327165  0.000000
  -59.963  -34.672  -34.405  -34.309  -11.796  -11.709   -5.638   -4.689   -3.843   -2.883
   -1.558   -0.681   -0.143    2.879    3.388    4.406    4.840    6.637    8.368    8.784
    9.376    9.975   10.472   10.709   10.774   11.665   11.874   12.464   13.133   13.330
   15.243   15.613   15.963   16.399   17.546   17.812   18.091   18.899   19.013   19.232
            0.472222  0.336788  0.000000
  -59.963  -34.671  -34.404  -34.313  -11.790  -11.705   -5.621   -4.703   -3.836   -2.888
   -1.554   -0.774   -0.111    2.880    3.398    4.435    4.781    6.654    8.460    8.840
    9.384    9.998   10.491   10.722   10.774   11.582   11.889   12.485   13.173   13.336
   15.244   15.605   15.865   16.425   17.536   17.757   17.921   18.826   18.925   19.195
            0.466667  0.346410  0.000000
  -59.962  -34.669  -34.404  -34.317  -11.782  -11.700   -5.600   -4.721   -3.827   -2.893
   -1.549   -0.873   -0.083    2.881    3.412    4.468    4.715    6.674    8.568    8.906
    9.393   10.025   10.513   10.738   10.768   11.500   11.907   12.507   13.217   13.343
   15.241   15.592   15.760   16.457   17.510   17.703   17.754   18.557   18.928   19.230
            0.461111  0.356033  0.000000
  -59.962  -34.666  -34.404  -34.321  -11.773  -11.694   -5.575   -4.741   -3.817   -2.897
   -1.544   -0.980   -0.059    2.879    3.428    4.499    4.650    6.697    8.689    8.982
    9.403   10.055   10.540   10.755   10.757   11.425   11.928   12.530   13.263   13.351
   15.229   15.572   15.655   16.494   17.439   17.624   17.650   18.275   18.892   19.267
            0.455556  0.365655  0.000000
  -59.961  -34.664  -34.403  -34.326  -11.763  -11.688   -5.547   -4.764   -3.806   -2.901
   -1.540   -1.091   -0.038    2.875    3.448    4.498    4.618    6.723    8.822    9.067
    9.416   10.084   10.570   10.731   10.779   11.366   11.953   12.554   13.310   13.359
   15.198   15.544   15.564   16.535   17.292   17.560   17.597   17.997   18.806   19.212
            0.450000  0.375278  0.000000
  -59.961  -34.661  -34.403  -34.333  -11.752  -11.681   -5.516   -4.790   -3.794   -2.903
   -1.537   -1.209   -0.019    2.868    3.472    4.439    4.646    6.752    8.964    9.158
    9.430   10.109   10.600   10.700   10.803   11.330   11.981   12.579   13.357   13.367
   15.135   15.502   15.507   16.579   17.113   17.520   17.522   17.753   18.669   18.992
            0.444444  0.384900  0.000000
  -59.961  -34.657  -34.402  -34.339  -11.740  -11.673   -5.480   -4.818   -3.781   -2.904
   -1.535   -1.330   -0.002    2.857    3.500    4.360    4.697    6.784    9.114    9.255
    9.445   10.118   10.614   10.690   10.831   11.318   12.013   12.605   13.375   13.404
   15.039   15.463   15.470   16.621   16.925   17.340   17.487   17.626   18.497   18.741
            0.438889  0.394523  0.000000
  -59.961  -34.654  -34.402  -34.346  -11.727  -11.665   -5.442   -4.849   -3.767   -2.902
   -1.534   -1.455    0.014    2.843    3.531    4.277    4.755    6.817    9.270    9.356
    9.464   10.100   10.606   10.724   10.860   11.329   12.048   12.633   13.382   13.451
   14.922   15.412   15.458   16.652   16.736   17.096   17.447   17.586   18.308   18.486
            0.433333  0.404145  0.000000
  -59.961  -34.650  -34.401  -34.354  -11.713  -11.656   -5.400   -4.881   -3.753   -2.899
   -1.583   -1.536    0.029    2.824    3.565    4.194    4.818    6.853    9.420    9.457
    9.497   10.046   10.613   10.777   10.893   11.358   12.086   12.661   13.387   13.498
   14.796   15.355   15.454   16.550   16.624   16.897   17.398   17.570   18.117   18.233
            0.427778  0.413768  0.000000
  -59.961  -34.646  -34.401  -34.362  -11.698  -11.647   -5.355   -4.915   -3.739   -2.893
   -1.713   -1.539    0.043    2.802    3.603    4.111    4.884    6.892    9.485    9.556
    9.619    9.961   10.646   10.841   10.928   11.402   12.128   12.689   13.390   13.544
   14.668   15.293   15.450   16.372   16.443   16.851   17.333   17.562   17.939   17.985
            0.422222  0.423390  0.000000
  -59.960  -34.641  -34.400  -34.370  -11.683  -11.637   -5.307   -4.951   -3.724   -2.885
   -1.844   -1.545    0.059    2.776    3.643    4.031    4.951    6.933    9.511    9.638
    9.787    9.870   10.696   10.915   10.965   11.461   12.173   12.717   13.388   13.590
   14.544   15.228   15.435   16.192   16.208   16.875   17.243   17.545   17.757   17.785
            0.416667  0.433013  0.000000
  -59.960  -34.636  -34.399  -34.379  -11.667  -11.627   -5.256   -4.987   -3.710   -2.875
   -1.976   -1.554    0.074    2.746    3.685    3.955    5.020    6.975    9.534    9.638
    9.847    9.961   10.756   10.998   11.004   11.533   12.221   12.744   13.380   13.636
   14.428   15.160   15.399   15.931   16.067   16.911   17.123   17.427   17.640   17.668
            0.411111  0.442635  0.000000
  -59.960  -34.631  -34.399  -34.389  -11.652  -11.618   -5.203   -5.024   -3.696   -2.862
   -2.107   -1.565    0.092    2.713    3.728    3.882    5.089    7.020    9.534    9.558
    9.918   10.139   10.821   11.046   11.087   11.620   12.271   12.770   13.364   13.683
   14.323   15.088   15.327   15.674   15.962   16.940   16.975   17.217   17.587   17.631
            0.405556  0.452258  0.000000
  -59.960  -34.626  -34.398  -34.398  -11.635  -11.608   -5.147   -5.060   -3.683   -2.846
   -2.238   -1.578    0.110    2.677    3.773    3.814    5.156    7.068    9.402    9.582
   10.011   10.317   10.889   11.089   11.179   11.720   12.323   12.794   13.338   13.729
   14.233   15.006   15.215   15.431   15.894   16.816   16.897   17.066   17.532   17.642
            0.400000  0.461880  0.000000
  -59.959  -34.620  -34.408  -34.397  -11.619  -11.598   -5.096   -5.088   -3.672   -2.829
   -2.366   -1.594    0.130    2.639    3.751    3.818    5.223    7.117    9.264    9.608
   10.107   10.496   10.960   11.135   11.272   11.834   12.376   12.815   13.302   13.777
   14.162   14.899   15.070   15.220   15.848   16.661   16.702   17.067   17.493   17.657
            0.394444  0.471503  0.000000
  -59.959  -34.614  -34.418  -34.397  -11.604  -11.588   -5.132   -5.027   -3.663   -2.809
   -2.491   -1.613    0.152    2.599    3.693    3.864    5.286    7.168    9.123    9.635
   10.204   10.675   11.033   11.183   11.364   11.960   12.427   12.832   13.257   13.825
   14.110   14.737   14.907   15.072   15.804   16.480   16.526   17.095   17.467   17.672
            0.388889  0.481125  0.000000
  -59.958  -34.608  -34.427  -34.396  -11.588  -11.579   -5.166   -4.965   -3.657   -2.788
   -2.611   -1.633    0.175    2.559    3.640    3.909    5.347    7.221    8.983    9.663
   10.300   10.850   11.109   11.233   11.454   12.094   12.472   12.845   13.208   13.876
   14.076   14.528   14.735   14.982   15.740   16.258   16.427   17.123   17.450   17.687
            0.383333  0.490748  0.000000
  -59.958  -34.602  -34.437  -34.395  -11.573  -11.570   -5.198   -4.900   -3.655   -2.766
   -2.725   -1.656    0.199    2.517    3.593    3.952    5.404    7.276    8.846    9.691
   10.395   11.021   11.187   11.287   11.541   12.231   12.507   12.855   13.164   13.927
   14.057   14.304   14.560   14.920   15.642   16.042   16.374   17.146   17.441   17.703
            0.377778  0.500370  0.000000
  -59.957  -34.596  -34.447  -34.395  -11.561  -11.559   -5.229   -4.835   -3.659   -2.830
   -2.742   -1.680    0.224    2.476    3.551    3.995    5.456    7.332    8.712    9.720
   10.488   11.179   11.268   11.351   11.627   12.364   12.524   12.865   13.135   13.959
   14.049   14.100   14.387   14.871   15.515   15.834   16.361   17.161   17.438   17.719
            0.372222  0.509993  0.000000
  -59.958  -34.590  -34.457  -34.394  -11.553  -11.546   -5.257   -4.769   -3.670   -2.924
   -2.718   -1.704    0.250    2.436    3.515    4.034    5.503    7.390    8.582    9.749
   10.580   11.304   11.351   11.444   11.709   12.479   12.516   12.881   13.131   13.820
   14.046   14.077   14.221   14.829   15.371   15.636   16.377   17.168   17.441   17.738
            0.366667  0.519615  0.000000
  -59.958  -34.583  -34.466  -34.394  -11.546  -11.533   -5.282   -4.703   -3.691   -3.005
   -2.695   -1.729    0.275    2.398    3.485    4.071    5.544    7.449    8.459    9.778
   10.668   11.383   11.436   11.576   11.789   12.484   12.560   12.918   13.151   13.611
   14.018   14.096   14.139   14.790   15.221   15.450   16.410   17.165   17.451   17.761
            0.361111  0.529238  0.000000
  -59.957  -34.577  -34.475  -34.393  -11.540  -11.523   -5.304   -4.637   -3.721   -3.070
   -2.672   -1.753    0.299    2.363    3.460    4.105    5.579    7.509    8.342    9.805
   10.753   11.440   11.523   11.719   11.864   12.436   12.589   12.983   13.186   13.412
   13.902   14.079   14.212   14.752   15.074   15.277   16.452   17.155   17.465   17.786
            0.355556  0.538860  0.000000
  -59.956  -34.571  -34.483  -34.393  -11.535  -11.513   -5.322   -4.575   -3.760   -3.119
   -2.651   -1.776    0.321    2.332    3.440    4.134    5.608    7.570    8.234    9.830
   10.831   11.488   11.612   11.857   11.934   12.381   12.574   13.055   13.219   13.245
   13.795   14.078   14.292   14.714   14.937   15.121   16.498   17.142   17.483   17.814
            0.350000  0.548483  0.000000
  -59.956  -34.565  -34.490  -34.392  -11.530  -11.506   -5.337   -4.517   -3.804   -3.153
   -2.633   -1.795    0.340    2.306    3.425    4.157    5.631    7.629    8.136    9.852
   10.901   11.529   11.701   11.981   11.996   12.327   12.523   13.038   13.196   13.229
   13.737   14.068   14.378   14.676   14.821   14.982   16.543   17.128   17.502   17.840
            0.344444  0.558105  0.000000
  -59.955  -34.561  -34.495  -34.392  -11.527  -11.500   -5.348   -4.468   -3.847   -3.173
   -2.618   -1.811    0.355    2.287    3.415    4.175    5.646    7.684    8.052    9.869
   10.958   11.562   11.789   12.044   12.083   12.279   12.446   12.952   13.207   13.246
   13.741   14.039   14.466   14.641   14.734   14.862   16.582   17.117   17.518   17.862
            0.338889  0.567728  0.000000
  -59.956  -34.558  -34.500  -34.392  -11.525  -11.496   -5.354   -4.434   -3.879   -3.184
   -2.609   -1.821    0.364    2.275    3.409    4.186    5.656    7.729    7.990    9.880
   10.996   11.584   11.869   12.064   12.154   12.243   12.367   12.900   13.174   13.285
   13.789   13.988   14.552   14.620   14.684   14.756   16.609   17.111   17.526   17.878
            0.333333  0.577350  0.000000
  -59.956  -34.557  -34.501  -34.392  -11.525  -11.495   -5.357   -4.422   -3.891   -3.187
   -2.606   -1.825    0.367    2.271    3.407    4.190    5.659    7.748    7.965    9.885
   11.010   11.593   11.915   12.055   12.179   12.229   12.335   12.885   13.160   13.299
   13.832   13.945   14.587   14.658   14.670   14.670   16.619   17.109   17.527   17.857
            0.322222  0.558105  0.000000
  -59.956  -34.560  -34.496  -34.392  -11.527  -11.500   -5.347   -4.467   -3.843   -3.178
   -2.619   -1.809    0.354    2.288    3.414    4.174    5.647    7.701    8.036    9.866
   10.944   11.553   11.741   12.136   12.159   12.244   12.416   12.927   13.213   13.255
   13.693   14.093   14.465   14.653   14.708   14.841   16.582   17.108   17.552   17.868
            0.311111  0.538860  0.000000
  -59.957  -34.568  -34.484  -34.393  -11.536  -11.517   -5.319   -4.567   -3.731   -3.154
   -2.658   -1.765    0.312    2.336    3.431    4.124    5.615    7.650    8.164    9.808
   10.749   11.424   11.499   12.071   12.287   12.307   12.563   13.011   13.182   13.258
   13.612   14.284   14.292   14.764   14.779   15.019   16.510   17.070   17.646   17.860
            0.300000  0.519615  0.000000
  -59.958  -34.577  -34.470  -34.394  -11.550  -11.546   -5.270   -4.677   -3.596   -3.117
   -2.714   -1.697    0.246    2.409    3.455    4.041    5.567    7.636    8.303    9.711
   10.470   11.220   11.268   12.021   12.351   12.437   12.675   13.097   13.179   13.198
   13.727   14.107   14.466   14.858   14.905   15.203   16.474   16.959   17.787   17.910
            0.288889  0.500370  0.000000
  -59.958  -34.583  -34.454  -34.396  -11.588  -11.571   -5.202   -4.778   -3.464   -3.063
   -2.781   -1.611    0.163    2.494    3.482    3.930    5.508    7.664    8.445    9.581
   10.159   10.980   11.043   11.952   12.425   12.470   12.725   13.129   13.242   13.320
   13.881   13.953   14.576   14.980   15.059   15.402   16.506   16.787   17.941   18.018
            0.277778  0.481125  0.000000
  -59.959  -34.588  -34.437  -34.398  -11.644  -11.597   -5.114   -4.862   -3.354   -2.983
   -2.850   -1.515    0.072    2.578    3.506    3.801    5.442    7.728    8.583    9.425
    9.849   10.735   10.828   11.826   12.391   12.509   12.751   13.169   13.384   13.538
   13.856   13.960   14.661   15.174   15.228   15.614   16.588   16.592   18.091   18.161
            0.266667  0.461880  0.000000
  -59.960  -34.589  -34.421  -34.400  -11.713  -11.628   -5.007   -4.926   -3.280   -2.918
   -2.868   -1.412   -0.022    2.647    3.524    3.665    5.375    7.819    8.700    9.249
    9.567   10.503   10.631   11.653   12.274   12.595   12.717   13.284   13.434   13.807
   13.910   13.915   14.817   15.412   15.421   15.808   16.429   16.677   18.228   18.309
            0.255556  0.442635  0.000000
  -59.962  -34.588  -34.404  -34.404  -11.795  -11.665   -4.969   -4.881   -3.240   -2.980
   -2.725   -1.306   -0.112    2.687    3.531    3.534    5.311    7.926    8.750    9.058
    9.359   10.293   10.472   11.458   12.149   12.635   12.670   13.359   13.421   13.820
   14.082   14.153   15.040   15.625   15.674   15.889   16.416   16.733   18.365   18.426
            0.244444  0.423390  0.000000
  -59.964  -34.584  -34.407  -34.388  -11.888  -11.706   -4.990   -4.739   -3.225   -3.033
   -2.567   -1.199   -0.194    2.687    3.423    3.525    5.252    8.024    8.682    8.856
    9.271   10.111   10.378   11.261   12.021   12.531   12.725   13.233   13.436   13.857
   14.380   14.468   15.295   15.688   15.952   15.959   16.605   16.733   18.471   18.518
            0.233333  0.404145  0.000000
  -59.966  -34.577  -34.411  -34.372  -11.992  -11.750   -4.993   -4.581   -3.231   -3.074
   -2.403   -1.095   -0.265    2.644    3.337    3.503    5.198    8.049    8.594    8.646
    9.234    9.959   10.385   11.070   11.891   12.421   12.750   13.091   13.311   14.065
   14.707   14.802   15.556   15.558   16.189   16.239   16.688   16.874   18.426   18.690
            0.222222  0.384900  0.000000
  -59.968  -34.566  -34.415  -34.356  -12.105  -11.798   -4.977   -4.409   -3.253   -3.103
   -2.238   -0.994   -0.324    2.572    3.273    3.467    5.148    7.926    8.431    8.625
    9.166    9.839   10.501   10.893   11.761   12.310   12.735   12.949   13.180   14.325
   15.045   15.122   15.448   15.783   16.424   16.520   16.654   17.170   18.328   18.854
            0.211111  0.365655  0.000000
  -59.970  -34.553  -34.420  -34.340  -12.225  -11.847   -4.948   -4.227   -3.289   -3.116
   -2.076   -0.900   -0.372    2.489    3.220    3.418    5.098    7.715    8.214    8.717
    9.085    9.750   10.688   10.732   11.634   12.203   12.670   12.817   13.088   14.598
   15.166   15.420   15.618   15.890   16.601   16.690   16.832   17.477   18.259   18.951
            0.200000  0.346410  0.000000
  -59.972  -34.536  -34.426  -34.325  -12.351  -11.899   -4.908   -4.036   -3.335   -3.111
   -1.922   -0.812   -0.411    2.413    3.170    3.360    5.045    7.480    7.999    8.723
    9.097    9.690   10.588   10.878   11.520   12.123   12.569   12.703   13.034   14.867
   15.068   15.762   15.835   15.985   16.672   16.916   17.101   17.791   18.316   18.920
            0.188889  0.327165  0.000000
  -59.975  -34.518  -34.431  -34.311  -12.480  -11.952   -4.862   -3.841   -3.384   -3.087
   -1.782   -0.733   -0.440    2.357    3.121    3.297    4.985    7.244    7.787    8.608
    9.227    9.653   10.466   10.970   11.441   12.126   12.461   12.615   12.996   14.958
   15.108   15.699   16.018   16.387   16.706   17.226   17.351   18.117   18.525   18.782
            0.177778  0.307920  0.000000
  -59.978  -34.497  -34.437  -34.298  -12.611  -12.005   -4.819   -3.648   -3.430   -3.038
   -1.664   -0.664   -0.456    2.327    3.075    3.232    4.913    7.015    7.580    8.454
    9.390    9.634   10.369   10.888   11.402   12.241   12.363   12.582   12.963   14.842
   15.259   15.583   16.041   16.808   16.917   17.481   17.642   18.459   18.640   18.826
            0.166667  0.288675  0.000000
  -59.982  -34.474  -34.443  -34.285  -12.742  -12.058   -4.784   -3.466   -3.462   -2.958
   -1.579   -0.606   -0.452    2.324    3.035    3.168    4.829    6.795    7.380    8.291
    9.550    9.618   10.306   10.687   11.369   12.278   12.322   12.726   12.932   14.702
   15.191   15.619   15.919   17.243   17.291   17.563   18.029   18.602   18.728   19.062
            0.155556  0.269430  0.000000
  -59.986  -34.450  -34.449  -34.274  -12.872  -12.110   -4.768   -3.472   -3.305   -2.839
   -1.536   -0.559   -0.422    2.347    3.007    3.110    4.732    6.587    7.187    8.129
    9.589    9.693   10.291   10.431   11.338   12.199   12.314   12.908   13.039   14.529
   15.012   15.691   15.795   17.529   17.690   17.727   18.446   18.642   18.716   19.344
            0.144444  0.250185  0.000000
  -59.989  -34.455  -34.425  -34.262  -12.998  -12.161   -4.775   -3.451   -3.166   -2.684
   -1.536   -0.524   -0.362    2.392    2.996    3.060    4.623    6.391    7.004    7.970
    9.536    9.798   10.160   10.332   11.311   12.115   12.303   12.901   13.387   14.341
   14.817   15.708   15.712   17.450   18.140   18.193   18.447   18.868   18.960   19.737
            0.133333  0.230940  0.000000
  -59.993  -34.461  -34.399  -34.252  -13.121  -12.210   -4.808   -3.398   -3.042   -2.503
   -1.574   -0.501   -0.282    2.453    3.005    3.021    4.502    6.208    6.831    7.818
    9.459    9.726   10.025   10.424   11.281   12.012   12.314   12.919   13.646   14.239
   14.625   15.669   15.674   17.369   18.196   18.649   18.680   19.219   19.366   20.141
            0.122222  0.211695  0.000000
  -59.996  -34.467  -34.373  -34.243  -13.238  -12.257   -4.862   -3.316   -2.922   -2.310
   -1.639   -0.491   -0.191    2.528    2.995    3.037    4.374    6.039    6.669    7.673
    9.368    9.437   10.081   10.550   11.246   11.886   12.340   12.964   13.619   14.426
   14.443   15.617   15.655   17.294   17.993   19.130   19.181   19.574   19.829   20.231
            0.111111  0.192450  0.000000
  -59.999  -34.473  -34.347  -34.234  -13.349  -12.301   -4.933   -3.212   -2.800   -2.117
   -1.718   -0.494   -0.100    2.614    2.983    3.089    4.241    5.883    6.519    7.536
    9.112    9.269   10.157   10.685   11.205   11.752   12.360   13.030   13.466   14.277
   14.757   15.568   15.665   17.219   17.798   19.620   19.698   19.878   20.043   20.323
            0.100000  0.173205  0.000000
  -60.003  -34.479  -34.322  -34.226  -13.452  -12.343   -5.012   -3.092   -2.673   -1.931
   -1.804   -0.510   -0.017    2.712    2.987    3.157    4.106    5.741    6.381    7.407
    8.786    9.170   10.229   10.782   11.163   11.656   12.335   13.105   13.348   14.128
   15.075   15.549   15.710   17.144   17.621   19.628   20.091   20.221   20.385   20.566
            0.088889  0.153960  0.000000
  -60.006  -34.484  -34.298  -34.219  -13.547  -12.381   -5.094   -2.964   -2.539   -1.890
   -1.757   -0.539    0.054    2.823    3.006    3.234    3.973    5.613    6.256    7.286
    8.468    9.075   10.297   10.767   11.125   11.676   12.240   13.176   13.309   13.998
   15.303   15.576   15.835   17.068   17.467   19.277   20.205   20.511   20.606   20.806
            0.077778  0.134715  0.000000
  -60.009  -34.489  -34.275  -34.213  -13.633  -12.415   -5.175   -2.833   -2.399   -1.973
   -1.600   -0.581    0.110    2.946    3.041    3.315    3.845    5.499    6.145    7.172
    8.166    8.986   10.358   10.629   11.099   11.829   12.088   13.234   13.331   13.886
   15.406   15.656   16.059   16.994   17.341   18.881   19.968   20.352   20.944   21.360
            0.066667  0.115470  0.000000
  -60.010  -34.493  -34.254  -34.207  -13.708  -12.445   -5.251   -2.706   -2.255   -2.048
   -1.461   -0.637    0.153    3.079    3.088    3.393    3.725    5.398    6.048    7.064
    7.890    8.906   10.408   10.428   11.093   11.913   12.059   13.275   13.379   13.792
   15.441   15.786   16.316   16.924   17.244   18.463   19.728   20.189   21.132   21.902
            0.055556  0.096225  0.000000
  -60.013  -34.496  -34.236  -34.203  -13.773  -12.471   -5.319   -2.587   -2.115   -2.108
   -1.344   -0.705    0.184    3.145    3.214    3.464    3.618    5.312    5.965    6.961
    7.647    8.836   10.213   10.441   11.109   11.740   12.323   13.300   13.424   13.715
   15.453   15.956   16.555   16.861   17.176   18.043   19.509   20.051   21.215   21.661
            0.044444  0.076980  0.000000
  -60.014  -34.500  -34.221  -34.199  -13.827  -12.493   -5.377   -2.482   -2.171   -1.961
   -1.248   -0.785    0.205    3.205    3.346    3.526    3.526    5.239    5.897    6.861
    7.447    8.777   10.010   10.457   11.145   11.585   12.597   13.311   13.454   13.653
   15.456   16.151   16.759   16.807   17.135   17.642   19.322   19.936   21.253   21.327
            0.033333  0.057735  0.000000
  -60.015  -34.502  -34.208  -34.196  -13.870  -12.510   -5.423   -2.395   -2.216   -1.818
   -1.175   -0.874    0.219    3.262    3.451    3.464    3.576    5.181    5.843    6.766
    7.295    8.730    9.835   10.460   11.193   11.458   12.859   13.313   13.467   13.606
   15.457   16.349   16.764   16.918   17.117   17.280   19.173   19.838   21.023   21.273
            0.022222  0.038490  0.000000
  -60.017  -34.504  -34.200  -34.194  -13.900  -12.522   -5.458   -2.329   -2.248   -1.686
   -1.123   -0.965    0.227    3.309    3.397    3.559    3.613    5.138    5.805    6.684
    7.193    8.697    9.700   10.457   11.240   11.364   13.085   13.310   13.468   13.571
   15.458   16.525   16.731   16.985   17.030   17.113   19.064   19.756   20.784   21.285
            0.011111  0.019245  0.000000
  -60.018  -34.505  -34.194  -34.193  -13.919  -12.529   -5.478   -2.288   -2.268   -1.582
   -1.092   -1.046    0.231    3.341    3.363    3.621    3.635    5.112    5.782    6.627
    7.136    8.676    9.616   10.452   11.274   11.306   13.246   13.307   13.463   13.546
   15.458   16.649   16.711   16.786   17.095   17.115   18.999   19.697   20.633   21.292
            0.000000  0.000000  0.000000
  -60.019  -34.505  -34.193  -34.193  -13.925  -12.532   -5.486   -2.275   -2.275   -1.538
   -1.081   -1.081    0.233    3.352    3.352    3.643    3.643    5.103    5.774    6.607
    7.117    8.669    9.587   10.450   11.287   11.287   13.306   13.306   13.461   13.535
   15.458   16.703   16.703   16.707   17.117   17.117   18.977   19.674   20.581   21.294
            0.000000  0.000000  0.097953
  -60.020  -34.506  -34.193  -34.193  -13.925  -12.532   -5.486   -2.275   -2.275   -1.538
   -1.081   -1.081    0.233    3.352    3.352    3.643    3.643    5.128    5.674    6.885
    6.970    8.478    9.560   10.913   11.287   11.287   12.496   13.306   13.306   13.958
   16.319   16.704   16.704   16.896   17.117   17.117   17.360   20.142   20.499   23.140
            0.016667  0.009623  0.097953
  -60.019  -34.505  -34.194  -34.193  -13.920  -12.530   -5.480   -2.285   -2.270   -1.572
   -1.089   -1.054    0.232    3.344    3.360    3.627    3.637    5.134    5.682    6.906
    6.976    8.484    9.581   10.917   11.269   11.301   12.509   13.265   13.307   13.953
   16.324   16.660   16.712   16.958   17.099   17.101   17.385   20.152   20.545   23.145
            0.033333  0.019245  0.097953
  -60.016  -34.504  -34.197  -34.194  -13.906  -12.525   -5.465   -2.316   -2.255   -1.655
   -1.112   -0.990    0.229    3.320    3.385    3.579    3.621    5.152    5.706    6.970
    6.992    8.502    9.644   10.931   11.218   11.345   12.548   13.149   13.311   13.937
   16.309   16.599   16.738   17.053   17.057   17.105   17.449   20.183   20.676   23.066
            0.050000  0.028868  0.097953
  -60.016  -34.503  -34.204  -34.195  -13.883  -12.515   -5.439   -2.365   -2.230   -1.764
   -1.149   -0.913    0.223    3.284    3.426    3.505    3.593    5.181    5.744    7.019
    7.074    8.531    9.745   10.954   11.140   11.417   12.604   12.976   13.317   13.909
   16.211   16.594   16.780   16.975   17.003   17.320   17.538   20.236   20.879   22.938
            0.066667  0.038490  0.097953
  -60.015  -34.501  -34.214  -34.197  -13.851  -12.503   -5.403   -2.433   -2.197   -1.885
   -1.199   -0.838    0.213    3.239    3.410    3.481    3.557    5.221    5.794    7.057
    7.214    8.571    9.879   10.984   11.045   11.515   12.670   12.768   13.326   13.869
   16.040   16.637   16.837   16.870   16.942   17.595   17.648   20.309   21.136   22.780
            0.083333  0.048113  0.097953
  -60.015  -34.499  -34.226  -34.200  -13.811  -12.486   -5.359   -2.515   -2.153   -2.014
   -1.260   -0.771    0.199    3.193    3.300    3.512    3.548    5.273    5.855    7.106
    7.385    8.622   10.037   10.938   11.020   11.640   12.546   12.739   13.341   13.815
   15.836   16.700   16.740   16.875   16.908   17.776   17.919   20.400   21.424   22.384
            0.100000  0.057735  0.097953
  -60.013  -34.496  -34.240  -34.203  -13.761  -12.466   -5.306   -2.610   -2.147   -2.102
   -1.331   -0.718    0.178    3.150    3.183    3.460    3.625    5.337    5.924    7.164
    7.581    8.685   10.207   10.827   11.059   11.789   12.331   12.804   13.363   13.751
   15.619   16.588   16.776   16.802   16.990   17.922   18.279   20.503   21.649   21.875
            0.116667  0.067358  0.097953
  -60.012  -34.493  -34.257  -34.207  -13.704  -12.443   -5.247   -2.715   -2.282   -2.041
   -1.410   -0.681    0.150    3.063    3.117    3.402    3.710    5.412    6.002    7.233
    7.794    8.761   10.372   10.715   11.096   11.960   12.147   12.857   13.393   13.679
   15.399   16.418   16.726   16.861   17.083   18.085   18.664   20.595   21.171   21.873
            0.133333  0.076980  0.097953
  -60.009  -34.489  -34.275  -34.211  -13.639  -12.417   -5.182   -2.826   -2.420   -1.973
   -1.496   -0.662    0.112    2.948    3.097    3.340    3.800    5.498    6.088    7.311
    8.012    8.853   10.497   10.606   11.135   12.025   12.151   12.889   13.432   13.611
   15.186   16.234   16.648   16.957   17.183   18.262   19.063   20.602   20.611   21.502
            0.150000  0.086603  0.097953
  -60.006  -34.485  -34.295  -34.216  -13.566  -12.388   -5.114   -2.940   -2.558   -1.897
   -1.586   -0.662    0.062    2.843    3.094    3.276    3.894    5.595    6.181    7.397
    8.220    8.970   10.502   10.532   11.196   11.989   12.359   12.887   13.482   13.557
   14.988   16.039   16.569   17.063   17.290   18.451   19.450   20.055   20.412   21.318
            0.166667  0.096225  0.097953
  -60.004  -34.480  -34.316  -34.220  -13.486  -12.356   -5.046   -3.054   -2.697   -1.816
   -1.678   -0.679    0.001    2.752    3.109    3.211    3.990    5.703    6.282    7.492
    8.401    9.120   10.407   10.457   11.295   12.039   12.581   12.850   13.526   13.544
   14.813   15.837   16.493   17.178   17.400   18.650   19.415   19.920   20.008   21.001
            0.183333  0.105848  0.097953
  -60.001  -34.476  -34.339  -34.226  -13.400  -12.322   -4.982   -3.163   -2.837   -1.773
   -1.728   -0.713   -0.072    2.677    3.144    3.147    4.086    5.822    6.390    7.594
    8.541    9.304   10.308   10.322   11.411   12.152   12.785   12.813   13.515   13.620
   14.671   15.633   16.424   17.300   17.511   18.850   18.897   19.537   20.111   20.715
            0.200000  0.115470  0.097953
  -59.998  -34.471  -34.363  -34.231  -13.307  -12.285   -4.924   -3.264   -2.976   -1.868
   -1.636   -0.760   -0.155    2.623    3.085    3.196    4.179    5.952    6.505    7.701
    8.642    9.505   10.127   10.253   11.523   12.295   12.714   13.049   13.512   13.710
   14.574   15.433   16.365   17.426   17.623   18.373   18.944   19.159   19.844   20.895
            0.216667  0.125093  0.097953
  -59.994  -34.466  -34.387  -34.236  -13.210  -12.247   -4.880   -3.352   -3.115   -1.962
   -1.540   -0.817   -0.246    2.588    3.026    3.264    4.269    6.092    6.627    7.812
    8.711    9.683    9.939   10.216   11.621   12.440   12.662   13.276   13.507   13.814
   14.537   15.250   16.322   17.522   17.733   17.890   18.515   19.300   19.427   21.014
            0.233333  0.134715  0.097953
  -59.991  -34.461  -34.412  -34.242  -13.108  -12.206   -4.852   -3.424   -3.253   -2.054
   -1.441   -0.883   -0.341    2.572    2.971    3.345    4.355    6.243    6.754    7.923
    8.755    9.758    9.772   10.253   11.699   12.570   12.648   13.476   13.493   13.932
   14.568   15.101   16.297   17.272   17.760   17.839   18.034   19.011   19.485   20.691
            0.250000  0.144338  0.097953
  -59.989  -34.456  -34.437  -34.248  -13.003  -12.165   -4.847   -3.477   -3.390   -2.144
   -1.341   -0.952   -0.433    2.575    2.922    3.435    4.436    6.403    6.887    8.030
    8.777    9.596    9.747   10.373   11.750   12.680   12.683   13.471   13.615   14.065
   14.672   15.022   16.292   16.796   17.563   17.837   17.940   18.645   19.627   20.353
            0.266667  0.153960  0.097953
  -59.986  -34.462  -34.450  -34.254  -12.895  -12.122   -4.865   -3.525   -3.512   -2.231
   -1.242   -1.024   -0.518    2.593    2.880    3.532    4.511    6.572    7.024    8.128
    8.776    9.463    9.662   10.518   11.766   12.764   12.780   13.453   13.653   14.211
   14.836   15.052   16.302   16.317   17.116   17.800   18.036   18.432   19.601   20.151
            0.283333  0.163583  0.097953
  -59.982  -34.487  -34.445  -34.260  -12.785  -12.080   -4.905   -3.657   -3.533   -2.313
   -1.143   -1.094   -0.590    2.626    2.845    3.633    4.580    6.751    7.163    8.208
    8.746    9.369    9.561   10.656   11.746   12.854   12.881   13.470   13.586   14.370
   15.035   15.195   15.858   16.286   16.734   17.556   18.125   18.454   19.328   20.173
            0.300000  0.173205  0.097953
  -59.981  -34.512  -34.440  -34.265  -12.674  -12.037   -4.963   -3.785   -3.546   -2.392
   -1.163   -1.048   -0.644    2.670    2.817    3.734    4.643    6.936    7.302    8.263
    8.674    9.324    9.476   10.777   11.696   12.896   12.988   13.446   13.568   14.538
   15.174   15.417   15.497   16.083   16.583   17.239   18.207   18.574   18.980   20.195
            0.316667  0.182828  0.097953
  -59.978  -34.535  -34.435  -34.271  -12.564  -11.995   -5.034   -3.908   -3.558   -2.466
   -1.227   -0.956   -0.677    2.725    2.797    3.833    4.698    7.127    7.439    8.291
    8.551    9.330    9.431   10.880   11.624   12.878   13.099   13.270   13.744   14.716
   14.885   15.579   15.683   15.735   16.625   16.937   18.282   18.634   18.709   19.946
            0.333333  0.192450  0.097953
  -59.977  -34.557  -34.431  -34.276  -12.456  -11.953   -5.114   -4.026   -3.574   -2.534
   -1.287   -0.870   -0.686    2.786    2.787    3.926    4.748    7.321    7.567    8.303
    8.387    9.379    9.432   10.961   11.541   12.832   13.079   13.203   13.939   14.486
   14.899   15.403   15.751   15.970   16.705   16.711   18.316   18.351   18.814   19.749
            0.350000  0.202073  0.097953
  -59.974  -34.578  -34.426  -34.281  -12.351  -11.914   -5.196   -4.137   -3.598   -2.597
   -1.341   -0.790   -0.673    2.782    2.855    4.012    4.792    7.511    7.668    8.216
    8.317    9.455    9.474   11.013   11.456   12.790   12.885   13.272   14.061   14.118
   15.084   15.166   15.799   16.266   16.634   16.801   18.046   18.413   18.842   19.653
            0.366667  0.211695  0.097953
  -59.973  -34.598  -34.422  -34.285  -12.251  -11.876   -5.279   -4.240   -3.628   -2.654
   -1.390   -0.717   -0.639    2.784    2.928    4.090    4.829    7.681    7.687    8.112
    8.353    9.542    9.546   11.031   11.378   12.697   12.773   13.234   13.854   14.010
   15.104   15.269   15.691   16.559   16.745   16.865   17.857   18.469   18.772   19.678
            0.383333  0.221318  0.097953
  -59.970  -34.615  -34.418  -34.289  -12.157  -11.842   -5.359   -4.334   -3.664   -2.704
   -1.433   -0.653   -0.589    2.793    3.003    4.157    4.861    7.553    7.834    8.141
    8.432    9.628    9.643   11.015   11.313   12.518   12.785   13.015   13.762   13.807
   15.172   15.448   15.533   16.842   16.883   16.929   17.783   18.521   18.655   19.775
            0.400000  0.230940  0.097953
  -59.969  -34.631  -34.415  -34.293  -12.071  -11.810   -5.434   -4.418   -3.704   -2.749
   -1.469   -0.596   -0.529    2.805    3.079    4.213    4.888    7.361    7.941    8.234
    8.565    9.704    9.754   10.974   11.266   12.355   12.703   12.805   13.571   13.744
   15.239   15.397   15.617   16.878   17.107   17.108   17.816   18.551   18.567   19.889
            0.416667  0.240563  0.097953
  -59.967  -34.644  -34.412  -34.296  -11.995  -11.783   -5.501   -4.491   -3.744   -2.786
   -1.500   -0.549   -0.466    2.820    3.153    4.258    4.911    7.163    8.017    8.341
    8.739    9.765    9.869   10.928   11.234   12.210   12.384   12.765   13.416   13.713
   15.229   15.312   15.771   16.909   17.241   17.347   17.906   18.494   18.608   19.980
            0.433333  0.250185  0.097953
  -59.966  -34.655  -34.410  -34.299  -11.930  -11.759   -5.559   -4.552   -3.781   -2.818
   -1.525   -0.510   -0.404    2.836    3.222    4.294    4.928    6.980    8.074    8.446
    8.928    9.819    9.968   10.906   11.198   12.087   12.098   12.597   13.421   13.652
   15.131   15.279   15.906   16.996   17.310   17.555   18.005   18.497   18.645   19.995
            0.450000  0.259808  0.097953
  -59.964  -34.664  -34.407  -34.301  -11.877  -11.741   -5.606   -4.600   -3.812   -2.842
   -1.544   -0.480   -0.349    2.851    3.283    4.320    4.942    6.825    8.122    8.541
    9.104    9.885   10.029   10.938   11.121   11.886   11.988   12.353   13.534   13.570
   14.972   15.283   16.016   17.114   17.324   17.723   18.085   18.546   18.676   19.939
            0.466667  0.269430  0.097953
  -59.964  -34.670  -34.406  -34.302  -11.839  -11.727   -5.641   -4.635   -3.836   -2.859
   -1.557   -0.459   -0.307    2.862    3.330    4.337    4.951    6.706    8.159    8.619
    9.236    9.987   10.047   10.970   11.034   11.778   11.915   12.099   13.488   13.686
   14.790   15.305   16.098   17.231   17.310   17.846   18.134   18.606   18.700   19.887
            0.483333  0.279053  0.097953
  -59.964  -34.674  -34.406  -34.303  -11.815  -11.719   -5.662   -4.657   -3.851   -2.870
   -1.566   -0.447   -0.280    2.870    3.361    4.348    4.957    6.631    8.184    8.671
    9.309   10.042   10.126   10.780   11.165   11.745   11.871   11.878   13.428   13.830
   14.627   15.326   16.148   17.292   17.316   17.921   18.155   18.651   18.715   19.859
            0.500000  0.288675  0.097953
  -59.966  -34.676  -34.406  -34.304  -11.807  -11.716   -5.669   -4.664   -3.856   -2.873
   -1.568   -0.442   -0.271    2.873    3.371    4.351    4.958    6.605    8.192    8.689
    9.330   10.037   10.215   10.673   11.242   11.739   11.773   11.856   13.406   13.898
   14.553   15.335   16.165   17.284   17.347   17.945   18.159   18.667   18.720   19.850
            0.494444  0.298298  0.097953
  -59.965  -34.676  -34.405  -34.304  -11.807  -11.715   -5.667   -4.665   -3.855   -2.874
   -1.568   -0.467   -0.253    2.873    3.372    4.354    4.951    6.608    8.204    8.696
    9.331   10.040   10.217   10.674   11.243   11.741   11.744   11.878   13.407   13.900
   14.558   15.333   16.155   17.282   17.337   17.920   18.199   18.621   18.740   19.861
            0.488889  0.307920  0.097953
  -59.963  -34.675  -34.405  -34.305  -11.804  -11.714   -5.661   -4.670   -3.853   -2.876
   -1.566   -0.524   -0.218    2.874    3.375    4.365    4.927    6.614    8.237    8.715
    9.334   10.047   10.222   10.679   11.246   11.686   11.744   11.912   13.411   13.907
   14.571   15.326   16.124   17.276   17.305   17.878   18.284   18.531   18.760   19.871
            0.483333  0.317543  0.097953
  -59.963  -34.674  -34.405  -34.307  -11.801  -11.712   -5.652   -4.678   -3.849   -2.879
   -1.562   -0.597   -0.179    2.876    3.381    4.382    4.890    6.623    8.292    8.747
    9.338   10.060   10.231   10.688   11.249   11.617   11.751   11.946   13.419   13.917
   14.592   15.313   16.076   17.250   17.263   17.851   18.385   18.417   18.766   19.754
            0.477778  0.327165  0.097953
  -59.963  -34.672  -34.405  -34.309  -11.796  -11.709   -5.638   -4.689   -3.843   -2.883
   -1.558   -0.681   -0.143    2.879    3.388    4.406    4.840    6.637    8.367    8.792
    9.345   10.077   10.243   10.700   11.250   11.542   11.759   11.978   13.428   13.929
   14.622   15.294   16.015   17.175   17.241   17.846   18.290   18.489   18.755   19.515
            0.472222  0.336788  0.097953
  -59.963  -34.671  -34.405  -34.312  -11.790  -11.705   -5.621   -4.703   -3.836   -2.888
   -1.554   -0.774   -0.111    2.880    3.398    4.435    4.781    6.654    8.459    8.848
    9.353   10.098   10.259   10.716   11.242   11.472   11.770   12.009   13.441   13.943
   14.657   15.265   15.947   17.085   17.206   17.861   18.159   18.589   18.711   19.282
            0.466667  0.346410  0.097953
  -59.963  -34.669  -34.404  -34.317  -11.782  -11.700   -5.600   -4.721   -3.827   -2.893
   -1.549   -0.873   -0.083    2.881    3.412    4.468    4.715    6.674    8.566    8.915
    9.362   10.122   10.278   10.735   11.209   11.425   11.784   12.040   13.456   13.957
   14.699   15.222   15.877   16.985   17.152   17.888   18.034   18.601   18.671   19.101
            0.461111  0.356033  0.097953
  -59.962  -34.667  -34.404  -34.321  -11.773  -11.694   -5.576   -4.741   -3.817   -2.897
   -1.544   -0.980   -0.059    2.879    3.428    4.499    4.650    6.697    8.687    8.992
    9.374   10.146   10.301   10.758   11.143   11.412   11.799   12.070   13.474   13.970
   14.745   15.164   15.813   16.882   17.074   17.920   17.921   18.417   18.660   18.960
            0.455556  0.365655  0.097953
  -59.963  -34.664  -34.403  -34.327  -11.763  -11.688   -5.547   -4.764   -3.806   -2.901
   -1.540   -1.092   -0.038    2.875    3.448    4.498    4.618    6.724    8.820    9.078
    9.387   10.167   10.327   10.785   11.062   11.423   11.817   12.102   13.494   13.982
   14.793   15.088   15.757   16.777   16.969   17.812   17.944   18.201   18.492   18.965
            0.450000  0.375278  0.097953
  -59.962  -34.661  -34.403  -34.333  -11.752  -11.681   -5.516   -4.790   -3.794   -2.903
   -1.537   -1.209   -0.019    2.868    3.472    4.439    4.646    6.752    8.962    9.172
    9.401   10.179   10.357   10.815   10.985   11.446   11.837   12.136   13.517   13.992
   14.844   14.995   15.714   16.673   16.837   17.680   17.914   18.015   18.331   18.933
            0.444444  0.384900  0.097953
  -59.962  -34.658  -34.403  -34.339  -11.740  -11.673   -5.480   -4.818   -3.781   -2.903
   -1.535   -1.330   -0.002    2.857    3.500    4.360    4.697    6.784    9.112    9.270
    9.418   10.170   10.390   10.849   10.928   11.478   11.859   12.171   13.541   14.000
   14.888   14.897   15.680   16.573   16.683   17.487   17.770   17.904   18.279   18.906
            0.438889  0.394523  0.097953
  -59.962  -34.654  -34.402  -34.346  -11.727  -11.665   -5.442   -4.849   -3.767   -2.902
   -1.534   -1.455    0.014    2.843    3.531    4.277    4.755    6.818    9.269    9.373
    9.437   10.134   10.426   10.887   10.904   11.515   11.883   12.208   13.566   14.005
   14.772   14.949   15.654   16.476   16.511   17.253   17.549   17.851   18.304   18.879
            0.433333  0.404145  0.097953
  -59.962  -34.650  -34.401  -34.354  -11.713  -11.656   -5.400   -4.881   -3.753   -2.899
   -1.583   -1.536    0.029    2.824    3.565    4.194    4.818    6.854    9.418    9.470
    9.477   10.066   10.466   10.918   10.929   11.558   11.909   12.246   13.591   14.007
   14.650   15.002   15.634   16.327   16.384   17.005   17.305   17.826   18.355   18.849
            0.427778  0.413768  0.097953
  -59.961  -34.646  -34.401  -34.362  -11.698  -11.647   -5.355   -4.915   -3.739   -2.893
   -1.713   -1.539    0.043    2.802    3.603    4.111    4.884    6.892    9.468    9.577
    9.608    9.976   10.509   10.967   10.975   11.607   11.936   12.287   13.614   14.005
   14.528   15.054   15.617   16.132   16.297   16.759   17.057   17.813   18.411   18.811
            0.422222  0.423390  0.097953
  -59.961  -34.641  -34.400  -34.370  -11.683  -11.637   -5.307   -4.951   -3.724   -2.885
   -1.844   -1.545    0.059    2.775    3.643    4.031    4.951    6.933    9.492    9.656
    9.777    9.888   10.555   11.026   11.043   11.661   11.965   12.328   13.631   13.999
   14.412   15.106   15.599   15.929   16.212   16.520   16.813   17.805   18.461   18.757
            0.416667  0.433013  0.097953
  -59.961  -34.636  -34.400  -34.379  -11.667  -11.627   -5.256   -4.987   -3.710   -2.875
   -1.976   -1.554    0.075    2.746    3.685    3.955    5.020    6.976    9.516    9.643
    9.880    9.950   10.604   11.081   11.138   11.722   11.995   12.372   13.637   13.990
   14.310   15.156   15.577   15.719   16.126   16.294   16.580   17.795   18.478   18.682
            0.411111  0.442635  0.097953
  -59.960  -34.631  -34.399  -34.389  -11.652  -11.618   -5.203   -5.024   -3.696   -2.862
   -2.107   -1.565    0.092    2.713    3.728    3.882    5.089    7.021    9.535    9.541
    9.957   10.124   10.656   11.141   11.246   11.791   12.027   12.415   13.623   13.976
   14.231   15.206   15.496   15.552   16.025   16.090   16.373   17.775   18.385   18.586
            0.405556  0.452258  0.097953
  -59.960  -34.626  -34.398  -34.398  -11.635  -11.608   -5.147   -5.060   -3.683   -2.846
   -2.238   -1.578    0.110    2.677    3.773    3.814    5.156    7.068    9.403    9.567
   10.054   10.299   10.711   11.206   11.361   11.868   12.059   12.460   13.582   13.959
   14.184   15.252   15.276   15.493   15.888   15.922   16.217   17.736   18.201   18.488
            0.400000  0.461880  0.097953
  -59.960  -34.620  -34.408  -34.398  -11.619  -11.598   -5.096   -5.088   -3.672   -2.829
   -2.366   -1.594    0.130    2.639    3.751    3.818    5.223    7.117    9.264    9.594
   10.154   10.472   10.769   11.276   11.478   11.956   12.091   12.504   13.513   13.939
   14.170   15.051   15.289   15.392   15.716   15.809   16.117   17.667   17.998   18.410
            0.394444  0.471503  0.097953
  -59.959  -34.614  -34.417  -34.397  -11.604  -11.588   -5.132   -5.027   -3.663   -2.809
   -2.491   -1.613    0.152    2.600    3.693    3.864    5.286    7.168    9.124    9.621
   10.254   10.643   10.830   11.353   11.592   12.056   12.124   12.547   13.424   13.917
   14.183   14.823   15.248   15.287   15.560   15.750   16.050   17.563   17.796   18.364
            0.388889  0.481125  0.097953
  -59.959  -34.608  -34.428  -34.396  -11.588  -11.579   -5.166   -4.965   -3.657   -2.788
   -2.611   -1.634    0.175    2.559    3.640    3.909    5.347    7.221    8.984    9.650
   10.352   10.807   10.895   11.436   11.698   12.155   12.166   12.590   13.325   13.895
   14.210   14.597   15.086   15.172   15.511   15.722   15.999   17.431   17.600   18.350
            0.383333  0.490748  0.097953
  -59.959  -34.602  -34.437  -34.396  -11.573  -11.570   -5.198   -4.901   -3.655   -2.766
   -2.725   -1.656    0.199    2.517    3.593    3.952    5.404    7.276    8.846    9.680
   10.449   10.942   10.985   11.527   11.796   12.184   12.284   12.635   13.224   13.875
   14.237   14.381   14.922   14.984   15.540   15.709   15.955   17.281   17.412   18.361
            0.377778  0.500370  0.097953
  -59.959  -34.596  -34.447  -34.395  -11.561  -11.559   -5.229   -4.835   -3.659   -2.830
   -2.742   -1.680    0.224    2.476    3.551    3.995    5.456    7.333    8.712    9.710
   10.543   11.018   11.128   11.626   11.885   12.211   12.398   12.686   13.126   13.858
   14.133   14.293   14.774   14.783   15.589   15.703   15.914   17.122   17.236   18.388
            0.372222  0.509993  0.097953
  -59.958  -34.589  -34.456  -34.395  -11.553  -11.546   -5.257   -4.769   -3.670   -2.924
   -2.718   -1.705    0.250    2.436    3.515    4.034    5.503    7.391    8.583    9.740
   10.634   11.088   11.268   11.731   11.966   12.231   12.491   12.754   13.036   13.847
   13.928   14.284   14.583   14.666   15.645   15.701   15.875   16.964   17.073   18.427
            0.366667  0.519615  0.097953
  -59.957  -34.583  -34.465  -34.394  -11.546  -11.533   -5.282   -4.703   -3.691   -3.005
   -2.694   -1.729    0.275    2.398    3.485    4.071    5.544    7.450    8.459    9.769
   10.721   11.157   11.398   11.840   12.039   12.245   12.550   12.849   12.957   13.730
   13.841   14.217   14.392   14.632   15.699   15.700   15.841   16.811   16.923   18.473
            0.361111  0.529238  0.097953
  -59.956  -34.577  -34.474  -34.394  -11.540  -11.523   -5.304   -4.637   -3.721   -3.070
   -2.672   -1.753    0.299    2.363    3.460    4.105    5.579    7.510    8.343    9.798
   10.803   11.227   11.517   11.946   12.103   12.250   12.581   12.888   12.961   13.551
   13.841   14.102   14.212   14.657   15.695   15.736   15.828   16.669   16.788   18.525
            0.355556  0.538860  0.097953
  -59.958  -34.571  -34.483  -34.393  -11.535  -11.513   -5.322   -4.575   -3.760   -3.119
   -2.651   -1.776    0.321    2.332    3.440    4.134    5.608    7.570    8.234    9.824
   10.877   11.295   11.626   12.041   12.155   12.249   12.597   12.825   13.075   13.402
   13.845   13.972   14.048   14.706   15.687   15.725   15.865   16.545   16.667   18.579
            0.350000  0.548483  0.097953
  -59.958  -34.566  -34.490  -34.393  -11.530  -11.506   -5.337   -4.517   -3.804   -3.153
   -2.633   -1.796    0.340    2.306    3.425    4.157    5.631    7.629    8.136    9.846
   10.942   11.360   11.723   12.109   12.193   12.251   12.608   12.760   13.179   13.299
   13.848   13.848   13.907   14.762   15.671   15.698   15.923   16.445   16.562   18.632
            0.344444  0.558105  0.097953
  -59.958  -34.561  -34.496  -34.393  -11.527  -11.500   -5.348   -4.468   -3.847   -3.173
   -2.619   -1.811    0.355    2.287    3.415    4.175    5.646    7.685    8.052    9.864
   10.993   11.418   11.802   12.140   12.216   12.258   12.619   12.695   13.246   13.264
   13.744   13.791   13.854   14.814   15.648   15.677   15.979   16.375   16.474   18.680
            0.338889  0.567728  0.097953
  -59.957  -34.558  -34.500  -34.393  -11.525  -11.496   -5.354   -4.434   -3.879   -3.184
   -2.609   -1.821    0.364    2.275    3.409    4.186    5.656    7.729    7.990    9.876
   11.027   11.463   11.852   12.159   12.226   12.249   12.630   12.651   13.228   13.317
   13.674   13.723   13.851   14.852   15.626   15.666   16.023   16.335   16.411   18.716
            0.333333  0.577350  0.097953
  -59.957  -34.557  -34.501  -34.393  -11.525  -11.495   -5.357   -4.422   -3.891   -3.187
   -2.606   -1.825    0.367    2.271    3.407    4.190    5.659    7.748    7.965    9.880
   11.039   11.482   11.865   12.179   12.228   12.228   12.634   12.639   13.225   13.333
   13.649   13.703   13.849   14.866   15.615   15.663   16.039   16.323   16.387   18.730
            0.322222  0.558105  0.097953
  -59.958  -34.561  -34.496  -34.393  -11.527  -11.500   -5.347   -4.467   -3.843   -3.178
   -2.619   -1.810    0.354    2.288    3.414    4.174    5.647    7.701    8.036    9.861
   10.988   11.378   11.860   12.119   12.225   12.299   12.611   12.678   13.245   13.313
   13.720   13.721   13.886   14.814   15.646   15.668   16.012   16.358   16.464   18.667
            0.311111  0.538860  0.097953
  -59.958  -34.569  -34.485  -34.394  -11.536  -11.517   -5.319   -4.567   -3.731   -3.154
   -2.658   -1.765    0.312    2.336    3.431    4.124    5.615    7.650    8.164    9.798
   10.844   11.114   11.844   12.063   12.192   12.367   12.569   12.819   13.282   13.330
   13.759   13.828   13.991   14.728   15.525   15.802   16.057   16.437   16.620   18.530
            0.300000  0.519615  0.097953
  -59.958  -34.577  -34.470  -34.395  -11.550  -11.546   -5.270   -4.677   -3.596   -3.117
   -2.714   -1.697    0.246    2.409    3.455    4.041    5.567    7.637    8.303    9.691
   10.640   10.802   11.702   12.075   12.093   12.474   12.547   13.034   13.234   13.459
   13.861   13.873   14.118   14.719   15.321   15.966   16.182   16.533   16.805   18.411
            0.288889  0.500370  0.097953
  -59.959  -34.583  -34.454  -34.396  -11.588  -11.571   -5.202   -4.778   -3.464   -3.063
   -2.781   -1.611    0.163    2.494    3.482    3.930    5.508    7.665    8.446    9.542
   10.409   10.492   11.475   11.944   12.137   12.500   12.617   13.214   13.283   13.560
   13.862   14.036   14.266   14.802   15.084   16.122   16.344   16.644   17.008   18.363
            0.277778  0.481125  0.097953
  -59.960  -34.588  -34.438  -34.398  -11.644  -11.597   -5.114   -4.862   -3.354   -2.983
   -2.850   -1.515    0.072    2.578    3.506    3.801    5.442    7.729    8.585    9.354
   10.180   10.206   11.227   11.777   12.197   12.404   12.773   13.230   13.509   13.571
   14.001   14.214   14.449   14.845   14.899   16.249   16.528   16.787   17.220   18.392
            0.266667  0.461880  0.097953
  -59.961  -34.590  -34.421  -34.401  -11.713  -11.628   -5.007   -4.926   -3.280   -2.918
   -2.868   -1.412   -0.022    2.647    3.524    3.665    5.375    7.821    8.710    9.131
    9.953    9.981   10.980   11.604   12.224   12.279   12.911   13.246   13.485   13.838
   14.235   14.374   14.562   14.756   14.944   16.370   16.727   16.972   17.429   18.475
            0.255556  0.442635  0.097953
  -59.961  -34.588  -34.404  -34.404  -11.795  -11.665   -4.969   -4.881   -3.240   -2.980
   -2.725   -1.306   -0.112    2.687    3.531    3.534    5.311    7.933    8.793    8.881
    9.733    9.847   10.746   11.435   12.151   12.197   12.987   13.233   13.560   14.122
   14.266   14.507   14.684   14.919   14.998   16.524   16.926   17.189   17.615   18.554
            0.244444  0.423390  0.097953
  -59.964  -34.584  -34.407  -34.388  -11.888  -11.706   -4.990   -4.739   -3.225   -3.033
   -2.567   -1.199   -0.194    2.687    3.423    3.525    5.252    8.046    8.614    8.809
    9.540    9.816   10.532   11.279   12.028   12.118   13.013   13.182   13.750   14.051
   14.372   14.788   14.887   14.937   15.292   16.724   17.094   17.421   17.753   18.540
            0.233333  0.404145  0.097953
  -59.966  -34.577  -34.411  -34.372  -11.992  -11.750   -4.992   -4.581   -3.231   -3.074
   -2.403   -1.095   -0.265    2.644    3.337    3.503    5.198    8.130    8.340    8.779
    9.365    9.881   10.343   11.153   11.914   12.006   13.024   13.086   13.863   13.998
   14.428   14.966   15.139   15.220   15.607   16.961   17.178   17.656   17.842   18.613
            0.222222  0.384900  0.097953
  -59.968  -34.566  -34.415  -34.356  -12.105  -11.798   -4.977   -4.409   -3.253   -3.103
   -2.238   -0.994   -0.324    2.572    3.273    3.467    5.148    8.067    8.128    8.791
    9.202    9.977   10.186   11.083   11.810   11.884   12.943   13.032   13.726   14.243
   14.319   15.265   15.470   15.513   15.936   17.154   17.216   17.883   17.884   18.645
            0.211111  0.365655  0.097953
  -59.970  -34.553  -34.420  -34.340  -12.225  -11.847   -4.948   -4.227   -3.289   -3.116
   -2.076   -0.900   -0.372    2.489    3.220    3.418    5.098    7.799    8.023    8.891
    9.043   10.029   10.065   11.099   11.727   11.767   12.762   13.032   13.641   14.086
   14.567   15.619   15.782   15.815   16.271   17.078   17.460   17.835   18.094   18.598
            0.200000  0.346410  0.097953
  -59.972  -34.536  -34.425  -34.326  -12.351  -11.899   -4.908   -4.036   -3.335   -3.111
   -1.922   -0.812   -0.411    2.413    3.170    3.360    5.045    7.540    7.860    8.885
    9.045    9.984   10.001   11.158   11.665   11.714   12.569   13.021   13.592   13.883
   14.847   15.953   16.000   16.169   16.591   17.066   17.632   17.719   18.289   18.589
            0.188889  0.327165  0.097953
  -59.975  -34.518  -34.431  -34.312  -12.480  -11.952   -4.862   -3.841   -3.384   -3.087
   -1.782   -0.733   -0.440    2.357    3.121    3.297    4.984    7.290    7.675    8.725
    9.219    9.914    9.945   11.129   11.581   11.862   12.392   12.996   13.563   13.684
   15.106   15.928   16.399   16.526   16.850   17.244   17.633   17.666   18.467   18.692
            0.177778  0.307920  0.097953
  -59.978  -34.497  -34.437  -34.298  -12.611  -12.005   -4.819   -3.648   -3.430   -3.038
   -1.664   -0.664   -0.456    2.327    3.075    3.231    4.913    7.052    7.485    8.565
    9.389    9.804    9.946   10.983   11.516   12.136   12.266   12.950   13.505   13.540
   15.324   15.735   16.799   16.882   16.990   17.569   17.606   17.709   18.562   18.942
            0.166667  0.288675  0.097953
  -59.982  -34.474  -34.443  -34.285  -12.742  -12.058   -4.784   -3.466   -3.462   -2.958
   -1.579   -0.606   -0.452    2.324    3.035    3.168    4.829    6.826    7.297    8.404
    9.510    9.725    9.986   10.767   11.465   12.153   12.508   12.873   13.358   13.516
   15.468   15.474   16.991   17.087   17.277   17.605   17.930   18.009   18.540   19.264
            0.155556  0.269430  0.097953
  -59.985  -34.450  -34.449  -34.274  -12.872  -12.110   -4.768   -3.472   -3.305   -2.839
   -1.536   -0.559   -0.422    2.347    3.007    3.110    4.732    6.613    7.113    8.246
    9.459    9.799   10.063   10.505   11.422   12.121   12.760   12.868   13.258   13.489
   15.186   15.538   16.945   17.146   17.705   17.828   18.319   18.417   18.434   19.557
            0.144444  0.250185  0.097953
  -59.988  -34.455  -34.425  -34.262  -12.998  -12.161   -4.775   -3.451   -3.166   -2.684
   -1.536   -0.524   -0.362    2.392    2.996    3.060    4.622    6.413    6.938    8.090
    9.331    9.932   10.172   10.216   11.378   12.133   12.615   13.172   13.203   13.496
   14.932   15.517   16.900   17.123   17.978   18.218   18.418   18.738   18.857   19.814
            0.133333  0.230940  0.097953
  -59.992  -34.461  -34.399  -34.252  -13.121  -12.210   -4.808   -3.398   -3.042   -2.503
   -1.574   -0.501   -0.282    2.454    3.005    3.021    4.502    6.226    6.772    7.940
    9.187    9.911   10.064   10.309   11.324   12.178   12.450   13.185   13.248   13.652
   14.764   15.443   16.866   17.099   17.895   18.676   18.739   19.174   19.313   19.659
            0.122222  0.211695  0.097953
  -59.995  -34.467  -34.373  -34.242  -13.238  -12.257   -4.862   -3.316   -2.922   -2.310
   -1.638   -0.491   -0.191    2.528    2.995    3.037    4.374    6.053    6.616    7.797
    9.028    9.616   10.181   10.467   11.252   12.235   12.280   13.189   13.194   13.780
   14.780   15.357   16.845   17.076   17.717   19.125   19.210   19.338   19.612   19.810
            0.111111  0.192450  0.097953
  -59.999  -34.473  -34.347  -34.234  -13.349  -12.301   -4.933   -3.212   -2.800   -2.117
   -1.718   -0.494   -0.100    2.614    2.983    3.089    4.241    5.895    6.470    7.662
    8.840    9.350   10.292   10.634   11.159   12.119   12.276   13.108   13.220   13.761
   15.002   15.294   16.835   17.047   17.531   19.052   19.584   19.718   20.032   20.303
            0.100000  0.173205  0.097953
  -60.001  -34.478  -34.321  -34.226  -13.452  -12.343   -5.012   -3.092   -2.673   -1.931
   -1.804   -0.510   -0.017    2.712    2.987    3.157    4.106    5.750    6.335    7.537
    8.610    9.136   10.400   10.772   11.061   11.993   12.265   13.040   13.254   13.693
   15.277   15.319   16.834   17.010   17.355   18.781   19.954   20.216   20.325   20.398
            0.088889  0.153960  0.097953
  -60.005  -34.484  -34.298  -34.219  -13.547  -12.381   -5.094   -2.964   -2.539   -1.890
   -1.757   -0.539    0.054    2.823    3.006    3.234    3.973    5.621    6.212    7.422
    8.343    8.976   10.510   10.758   11.047   11.938   12.182   12.992   13.285   13.652
   15.318   15.655   16.840   16.968   17.192   18.528   19.624   20.636   20.646   20.799
            0.077778  0.134715  0.097953
  -60.008  -34.488  -34.275  -34.212  -13.633  -12.415   -5.175   -2.833   -2.399   -1.973
   -1.600   -0.581    0.110    2.947    3.041    3.315    3.845    5.506    6.099    7.319
    8.064    8.852   10.593   10.624   11.087   11.993   12.046   12.944   13.308   13.660
   15.418   15.978   16.854   16.919   17.048   18.294   19.149   20.686   21.170   21.342
            0.066667  0.115470  0.097953
  -60.011  -34.493  -34.255  -34.207  -13.708  -12.445   -5.251   -2.706   -2.255   -2.048
   -1.461   -0.637    0.153    3.079    3.088    3.393    3.725    5.406    5.998    7.228
    7.791    8.752   10.388   10.743   11.083   11.886   12.156   12.879   13.320   13.709
   15.569   16.272   16.858   16.876   16.933   18.082   18.677   20.605   21.707   21.811
            0.055556  0.096225  0.097953
  -60.012  -34.496  -34.236  -34.202  -13.773  -12.471   -5.319   -2.587   -2.115   -2.108
   -1.344   -0.705    0.184    3.144    3.215    3.464    3.618    5.321    5.908    7.150
    7.539    8.669   10.176   10.865   11.048   11.725   12.383   12.800   13.323   13.775
   15.756   16.529   16.772   16.862   16.907   17.893   18.226   20.483   21.651   22.296
            0.044444  0.076980  0.097953
  -60.014  -34.499  -34.221  -34.199  -13.827  -12.493   -5.377   -2.482   -2.171   -1.961
   -1.248   -0.785    0.205    3.204    3.346    3.526    3.526    5.252    5.831    7.086
    7.318    8.602    9.976   10.986   11.006   11.578   12.636   12.716   13.321   13.840
   15.960   16.683   16.742   16.815   16.948   17.727   17.811   20.364   21.313   22.689
            0.033333  0.057735  0.097953
  -60.015  -34.502  -34.208  -34.196  -13.870  -12.510   -5.423   -2.395   -2.216   -1.818
   -1.175   -0.874    0.219    3.262    3.451    3.464    3.576    5.198    5.766    7.036
    7.135    8.548    9.804   10.967   11.100   11.456   12.634   12.885   13.316   13.893
   16.154   16.615   16.776   16.907   16.997   17.451   17.587   20.267   20.993   22.874
            0.022222  0.038490  0.097953
  -60.017  -34.504  -34.199  -34.194  -13.900  -12.522   -5.458   -2.329   -2.248   -1.686
   -1.123   -0.965    0.227    3.309    3.397    3.559    3.613    5.159    5.717    6.998
    6.999    8.510    9.672   10.937   11.197   11.363   12.563   13.101   13.311   13.930
   16.292   16.592   16.742   17.024   17.050   17.167   17.474   20.197   20.732   23.030
            0.011111  0.019245  0.097953
  -60.019  -34.505  -34.194  -34.193  -13.919  -12.529   -5.479   -2.288   -2.268   -1.582
   -1.092   -1.046    0.231    3.341    3.363    3.621    3.635    5.136    5.685    6.913
    6.978    8.486    9.588   10.919   11.263   11.306   12.514   13.251   13.308   13.951
   16.325   16.650   16.715   16.976   17.093   17.097   17.393   20.155   20.560   23.146
            0.000000  0.000000  0.097953
  -60.020  -34.506  -34.193  -34.193  -13.925  -12.532   -5.486   -2.275   -2.275   -1.538
   -1.081   -1.081    0.233    3.352    3.352    3.643    3.643    5.128    5.674    6.885
    6.970    8.478    9.560   10.913   11.287   11.287   12.496   13.306   13.306   13.958
   16.319   16.704   16.704   16.896   17.117   17.117   17.360   20.142   20.499   23.140
            0.500000  0.288675  0.097953
  -59.966  -34.676  -34.406  -34.304  -11.807  -11.716   -5.669   -4.664   -3.856   -2.873
   -1.568   -0.442   -0.271    2.873    3.371    4.351    4.958    6.605    8.192    8.689
    9.330   10.037   10.215   10.673   11.242   11.739   11.773   11.856   13.406   13.898
   14.553   15.335   16.165   17.284   17.347   17.945   18.159   18.667   18.720   19.850
            0.500000  0.288675  0.094688
  -59.965  -34.676  -34.406  -34.304  -11.807  -11.716   -5.669   -4.664   -3.856   -2.873
   -1.568   -0.442   -0.271    2.873    3.371    4.351    4.958    6.605    8.192    8.689
    9.330   10.037   10.215   10.673   11.240   11.730   11.784   11.856   13.403   13.899
   14.552   15.338   16.165   17.256   17.374   17.945   18.159   18.668   18.720   19.847
            0.500000  0.288675  0.091423
  -59.965  -34.676  -34.405  -34.304  -11.807  -11.716   -5.669   -4.664   -3.856   -2.873
   -1.568   -0.442   -0.271    2.873    3.371    4.351    4.958    6.606    8.192    8.689
    9.331   10.036   10.217   10.673   11.236   11.715   11.806   11.856   13.394   13.904
   14.548   15.346   16.165   17.209   17.418   17.945   18.159   18.671   18.720   19.839
            0.500000  0.288675  0.088158
  -59.964  -34.676  -34.405  -34.303  -11.807  -11.716   -5.669   -4.664   -3.856   -2.873
   -1.568   -0.442   -0.271    2.873    3.371    4.351    4.958    6.606    8.192    8.689
    9.331   10.034   10.219   10.673   11.229   11.701   11.831   11.857   13.380   13.912
   14.543   15.360   16.166   17.158   17.462   17.945   18.159   18.677   18.720   19.825
            0.500000  0.288675  0.084893
  -59.964  -34.676  -34.405  -34.303  -11.807  -11.716   -5.669   -4.664   -3.856   -2.873
   -1.568   -0.442   -0.271    2.873    3.371    4.351    4.958    6.606    8.192    8.689
    9.332   10.032   10.222   10.674   11.220   11.689   11.857   11.858   13.362   13.920
   14.537   15.379   16.166   17.106   17.505   17.945   18.159   18.685   18.720   19.806
            0.500000  0.288675  0.081628
  -59.965  -34.676  -34.406  -34.303  -11.807  -11.716   -5.669   -4.664   -3.856   -2.873
   -1.568   -0.442   -0.271    2.873    3.371    4.351    4.958    6.606    8.192    8.689
    9.332   10.029   10.226   10.674   11.208   11.680   11.857   11.887   13.341   13.928
   14.532   15.401   16.166   17.053   17.545   17.945   18.161   18.695   18.720   19.783
            0.500000  0.288675  0.078363
  -59.964  -34.675  -34.405  -34.303  -11.807  -11.716   -5.669   -4.664   -3.856   -2.873
   -1.568   -0.442   -0.271    2.873    3.371    4.351    4.958    6.606    8.192    8.688
    9.333   10.026   10.230   10.675   11.194   11.674   11.857   11.917   13.316   13.934
   14.528   15.427   16.166   17.000   17.582   17.945   18.163   18.708   18.720   19.756
            0.500000  0.288675  0.075098
  -59.964  -34.675  -34.405  -34.303  -11.807  -11.716   -5.669   -4.664   -3.856   -2.873
   -1.568   -0.442   -0.271    2.873    3.371    4.351    4.958    6.606    8.192    8.688
    9.334   10.022   10.235   10.676   11.178   11.670   11.857   11.948   13.290   13.937
   14.528   15.456   16.166   16.947   17.615   17.945   18.167   18.720   18.722   19.726
            0.500000  0.288675  0.071833
  -59.964  -34.675  -34.405  -34.303  -11.807  -11.716   -5.669   -4.664   -3.856   -2.873
   -1.568   -0.442   -0.271    2.873    3.371    4.351    4.958    6.606    8.192    8.688
    9.335   10.018   10.241   10.676   11.160   11.668   11.857   11.979   13.263   13.935
   14.532   15.487   16.166   16.893   17.643   17.945   18.174   18.720   18.738   19.694
            0.500000  0.288675  0.068567
  -59.964  -34.675  -34.405  -34.303  -11.807  -11.716   -5.669   -4.664   -3.856   -2.873
   -1.568   -0.442   -0.271    2.873    3.371    4.351    4.958    6.606    8.192    8.688
    9.337   10.014   10.248   10.677   11.140   11.669   11.857   12.011   13.235   13.929
   14.541   15.519   16.166   16.840   17.667   17.945   18.183   18.720   18.756   19.661
            0.500000  0.288675  0.065302
  -59.964  -34.675  -34.405  -34.303  -11.807  -11.716   -5.669   -4.664   -3.856   -2.873
   -1.568   -0.442   -0.271    2.873    3.371    4.351    4.958    6.606    8.192    8.687
    9.338   10.009   10.255   10.678   11.120   11.672   11.857   12.043   13.206   13.916
   14.555   15.552   16.166   16.788   17.685   17.945   18.196   18.720   18.776   19.626
            0.500000  0.288675  0.062037
  -59.963  -34.675  -34.405  -34.303  -11.807  -11.716   -5.669   -4.664   -3.856   -2.873
   -1.568   -0.442   -0.271    2.873    3.371    4.351    4.958    6.606    8.192    8.687
    9.339   10.004   10.263   10.679   11.098   11.677   11.857   12.076   13.178   13.899
   14.575   15.586   16.166   16.736   17.698   17.945   18.211   18.720   18.798   19.592
            0.500000  0.288675  0.058772
  -59.963  -34.675  -34.405  -34.303  -11.807  -11.716   -5.669   -4.664   -3.856   -2.873
   -1.568   -0.442   -0.270    2.873    3.371    4.351    4.958    6.606    8.193    8.687
    9.341    9.999   10.272   10.680   11.076   11.683   11.857   12.108   13.150   13.877
   14.599   15.619   16.166   16.685   17.706   17.945   18.230   18.720   18.821   19.557
            0.500000  0.288675  0.055507
  -59.963  -34.675  -34.405  -34.303  -11.807  -11.716   -5.669   -4.664   -3.856   -2.873
   -1.568   -0.442   -0.270    2.873    3.371    4.351    4.958    6.606    8.193    8.686
    9.343    9.993   10.281   10.681   11.053   11.691   11.857   12.140   13.123   13.851
   14.628   15.651   16.166   16.636   17.709   17.945   18.251   18.720   18.846   19.522
            0.500000  0.288675  0.052242
  -59.963  -34.675  -34.405  -34.303  -11.807  -11.716   -5.669   -4.664   -3.856   -2.873
   -1.568   -0.442   -0.271    2.873    3.371    4.351    4.958    6.606    8.193    8.686
    9.344    9.988   10.291   10.682   11.030   11.700   11.857   12.172   13.097   13.821
   14.660   15.682   16.166   16.588   17.707   17.945   18.274   18.720   18.871   19.489
            0.500000  0.288675  0.048977
  -59.963  -34.675  -34.405  -34.303  -11.807  -11.716   -5.669   -4.664   -3.856   -2.873
   -1.568   -0.442   -0.271    2.873    3.371    4.351    4.958    6.606    8.193    8.686
    9.346    9.983   10.301   10.683   11.006   11.710   11.857   12.203   13.073   13.789
   14.695   15.710   16.166   16.543   17.702   17.945   18.299   18.720   18.897   19.457
            0.500000  0.288675  0.045712
  -59.962  -34.675  -34.405  -34.303  -11.807  -11.716   -5.669   -4.664   -3.856   -2.873
   -1.568   -0.442   -0.270    2.873    3.371    4.351    4.958    6.606    8.193    8.685
    9.348    9.977   10.312   10.684   10.983   11.721   11.857   12.233   13.051   13.754
   14.733   15.736   16.166   16.500   17.694   17.945   18.324   18.720   18.924   19.428
            0.500000  0.288675  0.042446
  -59.962  -34.675  -34.405  -34.303  -11.807  -11.716   -5.669   -4.664   -3.856   -2.873
   -1.568   -0.442   -0.270    2.873    3.371    4.351    4.958    6.606    8.193    8.685
    9.349    9.972   10.322   10.685   10.960   11.732   11.857   12.261   13.031   13.718
   14.773   15.757   16.166   16.461   17.684   17.945   18.350   18.720   18.949   19.402
            0.500000  0.288675  0.039181
  -59.962  -34.675  -34.405  -34.303  -11.807  -11.716   -5.669   -4.664   -3.856   -2.873
   -1.568   -0.442   -0.270    2.873    3.371    4.351    4.958    6.606    8.193    8.685
    9.351    9.967   10.334   10.685   10.937   11.744   11.857   12.287   13.014   13.681
   14.814   15.774   16.166   16.427   17.671   17.945   18.376   18.720   18.973   19.380
            0.500000  0.288675  0.035916
  -59.962  -34.675  -34.405  -34.303  -11.807  -11.716   -5.669   -4.664   -3.856   -2.873
   -1.568   -0.442   -0.270    2.873    3.371    4.351    4.958    6.606    8.193    8.684
    9.353    9.962   10.345   10.686   10.915   11.757   11.857   12.312   13.001   13.643
   14.857   15.785   16.166   16.397   17.658   17.945   18.401   18.720   18.994   19.363
            0.500000  0.288675  0.032651
  -59.962  -34.675  -34.405  -34.303  -11.807  -11.716   -5.669   -4.664   -3.856   -2.873
   -1.568   -0.442   -0.270    2.873    3.371    4.351    4.958    6.606    8.193    8.684
    9.354    9.958   10.357   10.687   10.894   11.769   11.857   12.334   12.990   13.604
   14.900   15.788   16.166   16.374   17.644   17.945   18.426   18.720   19.010   19.354
            0.500000  0.288675  0.029386
  -59.962  -34.675  -34.405  -34.303  -11.807  -11.716   -5.669   -4.664   -3.856   -2.873
   -1.568   -0.442   -0.270    2.873    3.371    4.351    4.958    6.605    8.193    8.684
    9.356    9.953   10.369   10.687   10.873   11.781   11.857   12.353   12.984   13.566
   14.943   15.785   16.166   16.357   17.629   17.945   18.450   18.720   19.020   19.354
            0.500000  0.288675  0.026121
  -59.962  -34.675  -34.405  -34.303  -11.807  -11.716   -5.669   -4.664   -3.856   -2.873
   -1.568   -0.442   -0.270    2.873    3.371    4.351    4.958    6.605    8.193    8.684
    9.357    9.949   10.380   10.687   10.854   11.793   11.857   12.369   12.982   13.527
   14.987   15.774   16.166   16.346   17.615   17.945   18.473   18.720   19.024   19.363
            0.500000  0.288675  0.022856
  -59.962  -34.675  -34.405  -34.303  -11.807  -11.716   -5.669   -4.664   -3.856   -2.873
   -1.568   -0.442   -0.270    2.873    3.371    4.351    4.958    6.605    8.193    8.683
    9.359    9.946   10.392   10.687   10.836   11.804   11.857   12.382   12.984   13.490
   15.030   15.757   16.166   16.340   17.601   17.945   18.494   18.720   19.021   19.380
            0.500000  0.288675  0.019591
  -59.963  -34.675  -34.405  -34.303  -11.807  -11.716   -5.669   -4.664   -3.856   -2.873
   -1.568   -0.442   -0.270    2.873    3.371    4.351    4.958    6.605    8.193    8.683
    9.360    9.942   10.403   10.687   10.819   11.815   11.857   12.392   12.990   13.454
   15.072   15.735   16.166   16.339   17.588   17.945   18.514   18.720   19.015   19.405
            0.500000  0.288675  0.016326
  -59.963  -34.675  -34.405  -34.303  -11.807  -11.716   -5.669   -4.664   -3.856   -2.873
   -1.568   -0.442   -0.271    2.873    3.371    4.351    4.958    6.605    8.193    8.683
    9.361    9.940   10.413   10.687   10.804   11.824   11.857   12.400   12.999   13.420
   15.113   15.710   16.166   16.340   17.576   17.945   18.532   18.720   19.006   19.435
            0.500000  0.288675  0.013060
  -59.963  -34.675  -34.405  -34.303  -11.807  -11.716   -5.669   -4.664   -3.856   -2.873
   -1.568   -0.442   -0.270    2.873    3.371    4.351    4.958    6.605    8.193    8.683
    9.362    9.937   10.422   10.687   10.792   11.832   11.857   12.405   13.011   13.388
   15.151   15.683   16.166   16.343   17.566   17.945   18.548   18.720   18.996   19.468
            0.500000  0.288675  0.009795
  -59.963  -34.675  -34.405  -34.303  -11.807  -11.716   -5.669   -4.664   -3.856   -2.873
   -1.568   -0.442   -0.270    2.873    3.371    4.351    4.958    6.605    8.193    8.683
    9.362    9.936   10.429   10.686   10.782   11.839   11.857   12.408   13.023   13.361
   15.184   15.658   16.166   16.347   17.557   17.945   18.560   18.720   18.986   19.503
            0.500000  0.288675  0.006530
  -59.963  -34.675  -34.405  -34.303  -11.807  -11.716   -5.669   -4.664   -3.856   -2.873
   -1.568   -0.442   -0.271    2.873    3.371    4.351    4.958    6.605    8.193    8.682
    9.363    9.934   10.435   10.685   10.774   11.844   11.857   12.410   13.034   13.339
   15.211   15.636   16.166   16.350   17.551   17.945   18.570   18.720   18.979   19.539
            0.500000  0.288675  0.003265
  -59.964  -34.675  -34.405  -34.303  -11.807  -11.716   -5.669   -4.664   -3.856   -2.873
   -1.568   -0.442   -0.271    2.873    3.371    4.351    4.958    6.605    8.193    8.682
    9.363    9.933   10.438   10.685   10.770   11.847   11.857   12.411   13.042   13.324
   15.229   15.621   16.166   16.352   17.548   17.945   18.576   18.720   18.974   19.572
            0.500000  0.288675  0.000000
  -59.964  -34.675  -34.405  -34.303  -11.807  -11.716   -5.669   -4.664   -3.856   -2.873
   -1.568   -0.442   -0.271    2.873    3.371    4.351    4.958    6.605    8.193    8.682
    9.363    9.933   10.440   10.685   10.768   11.848   11.857   12.412   13.045   13.319
   15.236   15.615   16.166   16.353   17.546   17.945   18.578   18.720   18.972   19.590
            0.333333  0.577350  0.097953
  -59.957  -34.557  -34.501  -34.393  -11.525  -11.495   -5.357   -4.422   -3.891   -3.187
   -2.606   -1.825    0.367    2.271    3.407    4.190    5.659    7.748    7.965    9.880
   11.039   11.482   11.865   12.179   12.228   12.228   12.634   12.639   13.225   13.333
   13.649   13.703   13.849   14.866   15.615   15.663   16.039   16.323   16.387   18.730
            0.333333  0.577350  0.094688
  -59.957  -34.557  -34.501  -34.393  -11.525  -11.495   -5.357   -4.422   -3.891   -3.187
   -2.606   -1.825    0.367    2.271    3.407    4.190    5.659    7.748    7.965    9.880
   11.039   11.482   11.866   12.179   12.227   12.227   12.636   12.640   13.212   13.346
   13.649   13.703   13.849   14.865   15.584   15.695   16.041   16.288   16.423   18.727
            0.333333  0.577350  0.091423
  -59.957  -34.557  -34.501  -34.393  -11.525  -11.495   -5.357   -4.422   -3.891   -3.187
   -2.606   -1.825    0.367    2.271    3.407    4.190    5.659    7.748    7.965    9.880
   11.038   11.483   11.868   12.179   12.224   12.225   12.640   12.643   13.183   13.376
   13.648   13.704   13.849   14.862   15.537   15.743   16.045   16.233   16.478   18.718
            0.333333  0.577350  0.088158
  -59.957  -34.557  -34.501  -34.393  -11.525  -11.495   -5.357   -4.422   -3.891   -3.187
   -2.606   -1.825    0.367    2.271    3.407    4.190    5.659    7.748    7.965    9.880
   11.038   11.484   11.870   12.179   12.218   12.221   12.646   12.648   13.149   13.413
   13.645   13.706   13.848   14.859   15.489   15.793   16.053   16.175   16.536   18.704
            0.333333  0.577350  0.084893
  -59.957  -34.557  -34.501  -34.393  -11.525  -11.495   -5.357   -4.422   -3.891   -3.187
   -2.606   -1.825    0.367    2.271    3.407    4.190    5.659    7.748    7.965    9.880
   11.037   11.486   11.874   12.178   12.211   12.216   12.655   12.655   13.113   13.452
   13.642   13.709   13.848   14.853   15.441   15.844   16.063   16.117   16.595   18.684
            0.333333  0.577350  0.081628
  -59.958  -34.557  -34.501  -34.393  -11.525  -11.495   -5.357   -4.422   -3.891   -3.187
   -2.606   -1.825    0.367    2.271    3.407    4.190    5.659    7.748    7.965    9.880
   11.037   11.487   11.878   12.178   12.202   12.210   12.664   12.665   13.076   13.492
   13.638   13.713   13.847   14.847   15.394   15.896   16.059   16.076   16.654   18.661
            0.333333  0.577350  0.078363
  -59.958  -34.557  -34.501  -34.393  -11.525  -11.495   -5.357   -4.422   -3.891   -3.187
   -2.606   -1.825    0.367    2.271    3.407    4.190    5.659    7.748    7.965    9.881
   11.036   11.490   11.884   12.177   12.192   12.203   12.674   12.678   13.040   13.534
   13.633   13.717   13.846   14.839   15.347   15.948   16.000   16.091   16.713   18.632
            0.333333  0.577350  0.075098
  -59.958  -34.557  -34.501  -34.393  -11.525  -11.495   -5.357   -4.422   -3.891   -3.187
   -2.606   -1.825    0.367    2.271    3.407    4.190    5.659    7.748    7.965    9.881
   11.035   11.492   11.891   12.173   12.184   12.195   12.685   12.692   13.003   13.576
   13.627   13.722   13.846   14.831   15.300   15.942   16.001   16.109   16.773   18.600
            0.333333  0.577350  0.071833
  -59.958  -34.557  -34.501  -34.393  -11.525  -11.495   -5.357   -4.422   -3.891   -3.187
   -2.606   -1.825    0.367    2.271    3.407    4.190    5.659    7.748    7.965    9.881
   11.034   11.496   11.898   12.162   12.181   12.186   12.697   12.708   12.967   13.619
   13.620   13.728   13.845   14.821   15.254   15.884   16.053   16.129   16.832   18.561
            0.333333  0.577350  0.068567
  -59.957  -34.557  -34.501  -34.393  -11.525  -11.495   -5.357   -4.422   -3.891   -3.187
   -2.606   -1.825    0.367    2.271    3.407    4.190    5.659    7.748    7.965    9.881
   11.032   11.499   11.907   12.149   12.177   12.180   12.709   12.725   12.931   13.612
   13.662   13.735   13.844   14.811   15.209   15.826   16.106   16.151   16.891   18.516
            0.333333  0.577350  0.065302
  -59.957  -34.557  -34.501  -34.393  -11.525  -11.495   -5.357   -4.422   -3.891   -3.187
   -2.606   -1.825    0.367    2.271    3.407    4.190    5.659    7.748    7.965    9.881
   11.031   11.503   11.916   12.135   12.168   12.180   12.722   12.744   12.896   13.604
   13.706   13.742   13.843   14.801   15.165   15.769   16.160   16.175   16.950   18.468
            0.333333  0.577350  0.062037
  -59.957  -34.557  -34.501  -34.393  -11.525  -11.495   -5.357   -4.422   -3.891   -3.187
   -2.606   -1.825    0.367    2.271    3.407    4.190    5.659    7.748    7.965    9.882
   11.030   11.507   11.927   12.121   12.159   12.180   12.735   12.763   12.861   13.594
   13.750   13.751   13.842   14.790   15.121   15.711   16.200   16.213   17.009   18.419
            0.333333  0.577350  0.058772
  -59.958  -34.557  -34.501  -34.393  -11.525  -11.495   -5.357   -4.422   -3.891   -3.187
   -2.606   -1.825    0.367    2.271    3.407    4.190    5.659    7.748    7.965    9.882
   11.028   11.511   11.938   12.105   12.150   12.180   12.748   12.784   12.826   13.583
   13.760   13.795   13.841   14.779   15.078   15.654   16.226   16.267   17.068   18.369
            0.333333  0.577350  0.055507
  -59.959  -34.557  -34.501  -34.393  -11.525  -11.495   -5.357   -4.422   -3.891   -3.187
   -2.606   -1.825    0.367    2.271    3.407    4.190    5.659    7.748    7.965    9.882
   11.027   11.516   11.950   12.090   12.141   12.180   12.761   12.792   12.805   13.571
   13.770   13.840   13.840   14.768   15.036   15.597   16.253   16.321   17.126   18.317
            0.333333  0.577350  0.052242
  -59.958  -34.557  -34.501  -34.393  -11.525  -11.495   -5.357   -4.422   -3.891   -3.187
   -2.606   -1.825    0.367    2.271    3.407    4.190    5.659    7.748    7.965    9.882
   11.025   11.521   11.963   12.075   12.132   12.180   12.758   12.773   12.826   13.558
   13.780   13.839   13.886   14.757   14.995   15.540   16.282   16.376   17.184   18.264
            0.333333  0.577350  0.048977
  -59.958  -34.557  -34.501  -34.393  -11.525  -11.495   -5.357   -4.422   -3.891   -3.187
   -2.606   -1.825    0.367    2.271    3.407    4.190    5.659    7.748    7.965    9.882
   11.024   11.527   11.977   12.060   12.123   12.180   12.725   12.786   12.849   13.545
   13.791   13.838   13.932   14.746   14.955   15.484   16.310   16.430   17.241   18.211
            0.333333  0.577350  0.045712
  -59.957  -34.557  -34.501  -34.393  -11.525  -11.495   -5.357   -4.422   -3.891   -3.187
   -2.606   -1.825    0.367    2.271    3.407    4.190    5.659    7.748    7.965    9.883
   11.022   11.532   11.992   12.045   12.115   12.180   12.692   12.797   12.872   13.530
   13.803   13.837   13.979   14.736   14.916   15.427   16.340   16.484   17.298   18.157
            0.333333  0.577350  0.042446
  -59.958  -34.557  -34.501  -34.393  -11.525  -11.495   -5.357   -4.422   -3.891   -3.187
   -2.606   -1.825    0.367    2.271    3.407    4.190    5.659    7.748    7.965    9.883
   11.021   11.538   12.007   12.030   12.107   12.180   12.660   12.809   12.895   13.514
   13.815   13.836   14.026   14.726   14.878   15.371   16.369   16.539   17.354   18.103
            0.333333  0.577350  0.039181
  -59.958  -34.557  -34.501  -34.393  -11.525  -11.495   -5.357   -4.422   -3.891   -3.187
   -2.606   -1.825    0.367    2.271    3.407    4.190    5.659    7.748    7.965    9.883
   11.020   11.544   12.016   12.023   12.100   12.180   12.629   12.819   12.919   13.498
   13.828   13.836   14.073   14.716   14.841   15.316   16.398   16.593   17.410   18.048
            0.333333  0.577350  0.035916
  -59.958  -34.557  -34.501  -34.393  -11.525  -11.495   -5.357   -4.422   -3.891   -3.187
   -2.606   -1.825    0.367    2.271    3.407    4.190    5.659    7.748    7.965    9.883
   11.018   11.549   12.002   12.040   12.093   12.180   12.598   12.829   12.943   13.481
   13.835   13.841   14.121   14.707   14.806   15.260   16.427   16.647   17.464   17.994
            0.333333  0.577350  0.032651
  -59.958  -34.557  -34.501  -34.393  -11.525  -11.495   -5.357   -4.422   -3.891   -3.187
   -2.606   -1.825    0.367    2.271    3.407    4.190    5.659    7.748    7.965    9.883
   11.017   11.555   11.988   12.058   12.086   12.179   12.567   12.839   12.967   13.463
   13.834   13.855   14.169   14.699   14.773   15.205   16.455   16.701   17.517   17.939
            0.333333  0.577350  0.029386
  -59.957  -34.557  -34.501  -34.393  -11.525  -11.495   -5.357   -4.422   -3.891   -3.187
   -2.606   -1.825    0.367    2.271    3.407    4.190    5.659    7.748    7.965    9.884
   11.016   11.561   11.976   12.076   12.080   12.179   12.537   12.847   12.991   13.444
   13.834   13.868   14.217   14.692   14.742   15.150   16.482   16.755   17.569   17.885
            0.333333  0.577350  0.026121
  -59.957  -34.557  -34.501  -34.393  -11.525  -11.495   -5.357   -4.422   -3.891   -3.187
   -2.606   -1.825    0.367    2.271    3.407    4.190    5.659    7.748    7.965    9.884
   11.015   11.567   11.964   12.075   12.095   12.180   12.508   12.855   13.015   13.425
   13.833   13.881   14.266   14.685   14.712   15.095   16.507   16.808   17.618   17.832
            0.333333  0.577350  0.022856
  -59.956  -34.557  -34.501  -34.392  -11.525  -11.495   -5.357   -4.422   -3.891   -3.187
   -2.606   -1.825    0.367    2.271    3.407    4.190    5.659    7.748    7.965    9.884
   11.014   11.572   11.953   12.070   12.114   12.180   12.480   12.862   13.039   13.406
   13.833   13.894   14.315   14.679   14.685   15.041   16.531   16.860   17.666   17.779
            0.333333  0.577350  0.019591
  -59.956  -34.557  -34.501  -34.392  -11.525  -11.495   -5.357   -4.422   -3.891   -3.187
   -2.606   -1.825    0.367    2.271    3.407    4.190    5.659    7.748    7.965    9.884
   11.013   11.577   11.944   12.066   12.134   12.180   12.452   12.868   13.062   13.386
   13.833   13.906   14.365   14.661   14.673   14.987   16.553   16.911   17.710   17.728
            0.333333  0.577350  0.016326
  -59.956  -34.557  -34.501  -34.392  -11.525  -11.495   -5.357   -4.422   -3.891   -3.187
   -2.606   -1.825    0.367    2.271    3.407    4.190    5.659    7.748    7.965    9.884
   11.012   11.581   11.935   12.063   12.154   12.180   12.426   12.873   13.085   13.366
   13.832   13.917   14.415   14.639   14.669   14.934   16.572   16.959   17.678   17.750
            0.333333  0.577350  0.013060
  -59.956  -34.557  -34.501  -34.392  -11.525  -11.495   -5.357   -4.422   -3.891   -3.187
   -2.606   -1.825    0.367    2.271    3.407    4.190    5.659    7.748    7.965    9.884
   11.012   11.585   11.928   12.060   12.174   12.180   12.400   12.877   13.107   13.347
   13.832   13.927   14.465   14.621   14.665   14.880   16.588   17.005   17.633   17.786
            0.333333  0.577350  0.009795
  -59.956  -34.557  -34.501  -34.392  -11.525  -11.495   -5.357   -4.422   -3.891   -3.187
   -2.606   -1.825    0.367    2.271    3.407    4.190    5.659    7.748    7.965    9.884
   11.011   11.588   11.922   12.057   12.179   12.193   12.377   12.880   13.127   13.329
   13.832   13.935   14.516   14.606   14.662   14.827   16.602   17.045   17.591   17.815
            0.333333  0.577350  0.006530
  -59.956  -34.557  -34.501  -34.392  -11.525  -11.495   -5.357   -4.422   -3.891   -3.187
   -2.606   -1.825    0.367    2.271    3.407    4.190    5.659    7.748    7.965    9.885
   11.011   11.591   11.918   12.056   12.179   12.210   12.356   12.883   13.143   13.314
   13.832   13.940   14.567   14.596   14.660   14.774   16.611   17.079   17.558   17.838
            0.333333  0.577350  0.003265
  -59.956  -34.557  -34.501  -34.392  -11.525  -11.495   -5.357   -4.422   -3.891   -3.187
   -2.606   -1.825    0.367    2.271    3.407    4.190    5.659    7.748    7.965    9.885
   11.011   11.592   11.916   12.055   12.179   12.224   12.341   12.884   13.155   13.303
   13.832   13.944   14.589   14.618   14.659   14.722   16.617   17.101   17.535   17.852
            0.333333  0.577350  0.000000
  -59.956  -34.557  -34.501  -34.392  -11.525  -11.495   -5.357   -4.422   -3.891   -3.187
   -2.606   -1.825    0.367    2.271    3.407    4.190    5.659    7.748    7.965    9.885
   11.010   11.593   11.915   12.055   12.179   12.229   12.335   12.885   13.160   13.299
   13.832   13.945   14.587   14.658   14.670   14.670   16.619   17.109   17.527   17.857
