 &plot nbnd=  20, nks=   190 /
            0.000000  0.000000  0.000000
  -22.116   -9.469   -5.307   -5.307    0.656    1.801    2.062    3.365    3.828    6.049
    6.599    7.478    7.478    8.938    9.323   11.102   12.011   15.483   16.770   21.044
            0.016667  0.009623  0.000000
  -22.112   -9.461   -5.348   -5.328    0.665    1.809    2.071    3.374    3.837    6.056
    6.608    7.468    7.501    8.934    9.340   11.100   12.023   15.488   16.780   21.061
            0.033333  0.019245  0.000000
  -22.096   -9.441   -5.421   -5.370    0.694    1.835    2.098    3.399    3.865    6.076
    6.634    7.456    7.575    8.914    9.391   11.093   12.058   15.503   16.810   21.113
            0.050000  0.028868  0.000000
  -22.068   -9.399   -5.539   -5.419    0.742    1.878    2.144    3.441    3.911    6.111
    6.676    7.442    7.703    8.883    9.475   11.085   12.117   15.530   16.859   21.151
            0.066667  0.038490  0.000000
  -22.030   -9.346   -5.689   -5.494    0.809    1.938    2.207    3.500    3.975    6.158
    6.730    7.429    7.876    8.838    9.589   11.082   12.199   15.567   16.927   21.144
            0.083333  0.048113  0.000000
  -21.982   -9.279   -5.894   -5.589    0.893    2.015    2.287    3.575    4.057    6.215
    6.790    7.424    8.094    8.770    9.729   11.085   12.303   15.616   17.013   21.118
            0.100000  0.057735  0.000000
  -21.924   -9.199   -6.131   -5.697    0.994    2.107    2.386    3.665    4.156    6.279
    6.846    7.434    8.358    8.675    9.894   11.100   12.427   15.675   17.117   21.052
            0.116667  0.067358  0.000000
  -21.855   -9.107   -6.401   -5.827    1.113    2.217    2.503    3.771    4.272    6.347
    6.886    7.476    8.561    8.657   10.080   11.134   12.571   15.745   17.238   20.917
            0.133333  0.076980  0.000000
  -21.776   -8.997   -6.695   -5.956    1.248    2.343    2.637    3.893    4.405    6.416
    6.902    7.556    8.437    9.000   10.286   11.189   12.733   15.826   17.374   20.688
            0.150000  0.086603  0.000000
  -21.686   -8.874   -7.019   -6.098    1.399    2.484    2.789    4.028    4.554    6.473
    6.896    7.675    8.310    9.372   10.509   11.267   12.912   15.914   17.524   20.369
            0.166667  0.096225  0.000000
  -21.588   -8.736   -7.363   -6.248    1.566    2.641    2.958    4.176    4.718    6.502
    6.876    7.826    8.198    9.784   10.742   11.368   13.105   16.008   17.688   19.992
            0.183333  0.105848  0.000000
  -21.479   -8.585   -7.705   -6.391    1.749    2.811    3.145    4.334    4.896    6.489
    6.850    8.006    8.131   10.221   10.993   11.492   13.312   16.102   17.863   19.597
            0.200000  0.115470  0.000000
  -21.361   -8.418   -8.067   -6.540    1.947    2.994    3.349    4.498    5.088    6.425
    6.823    8.126    8.207   10.683   11.253   11.637   13.528   16.188   18.047   19.214
            0.216667  0.125093  0.000000
  -21.234   -8.437   -8.240   -6.681    2.160    3.186    3.571    4.658    5.290    6.313
    6.801    8.190    8.427   11.169   11.520   11.801   13.749   16.254   18.233   18.865
            0.233333  0.134715  0.000000
  -21.100   -8.817   -8.054   -6.836    2.388    3.377    3.810    4.792    5.500    6.184
    6.789    8.313    8.666   11.663   11.791   11.982   13.971   16.280   18.403   18.570
            0.250000  0.144338  0.000000
  -20.959   -9.190   -7.854   -6.984    2.630    3.554    4.066    4.877    5.709    6.109
    6.799    8.485    8.922   12.066   12.177   12.178   14.188   16.248   18.345   18.491
            0.266667  0.153960  0.000000
  -20.810   -9.565   -7.642   -7.128    2.885    3.686    4.339    4.906    5.906    6.139
    6.843    8.694    9.194   12.337   12.387   12.706   14.390   16.141   18.188   18.284
            0.283333  0.163583  0.000000
  -20.656   -9.945   -7.420   -7.268    3.152    3.714    4.628    4.939    6.070    6.279
    6.942    8.933    9.482   12.591   12.603   13.238   14.561   15.962   17.809   18.046
            0.300000  0.173205  0.000000
  -20.498  -10.318   -7.400   -7.198    3.431    3.592    4.933    5.059    6.190    6.497
    7.111    9.195    9.785   12.817   12.820   13.774   14.693   15.725   17.290   17.788
            0.316667  0.182828  0.000000
  -20.336  -10.679   -7.532   -6.956    3.357    3.718    5.251    5.273    6.275    6.765
    7.348    9.478   10.102   12.981   13.031   14.307   14.776   15.454   16.766   17.334
            0.333333  0.192450  0.000000
  -20.174  -11.027   -7.649   -6.718    3.052    4.009    5.549    5.577    6.349    7.067
    7.635    9.779   10.431   13.035   13.212   14.829   14.839   15.167   16.197   16.795
            0.350000  0.202073  0.000000
  -20.011  -11.363   -7.762   -6.476    2.716    4.299    5.866    5.899    6.446    7.396
    7.958   10.094   10.771   12.935   13.330   14.887   14.892   15.359   15.594   16.259
            0.366667  0.211695  0.000000
  -19.849  -11.670   -7.867   -6.224    2.374    4.581    6.179    6.212    6.619    7.747
    8.310   10.420   11.115   12.693   13.324   14.662   14.776   15.179   15.771   15.869
            0.383333  0.221318  0.000000
  -19.692  -11.962   -7.945   -5.978    2.038    4.840    6.392    6.582    6.911    8.117
    8.685   10.752   11.426   12.378   13.148   14.215   14.468   15.165   15.385   16.018
            0.400000  0.230940  0.000000
  -19.543  -12.224   -8.020   -5.742    1.713    5.061    6.592    6.971    7.284    8.504
    9.079   11.074   11.515   12.234   12.836   13.597   14.194   14.954   15.170   15.967
            0.416667  0.240563  0.000000
  -19.406  -12.464   -8.087   -5.520    1.411    5.231    6.831    7.377    7.697    8.906
    9.488   11.196   11.348   12.466   12.486   12.992   13.807   14.518   15.074   16.089
            0.433333  0.250185  0.000000
  -19.285  -12.660   -8.139   -5.319    1.141    5.353    7.126    7.799    8.138    9.317
    9.900   10.764   11.431   12.270   12.354   12.867   13.384   14.023   14.973   16.147
            0.450000  0.259808  0.000000
  -19.186  -12.824   -8.181   -5.153    0.913    5.430    7.470    8.231    8.600    9.729
   10.112   10.521   11.181   11.778   12.283   13.036   13.164   13.600   14.816   15.970
            0.466667  0.269430  0.000000
  -19.112  -12.944   -8.211   -5.026    0.741    5.478    7.850    8.668    9.075    9.735
   10.096   10.832   10.884   11.217   12.122   12.877   12.996   13.783   14.612   15.630
            0.483333  0.279053  0.000000
  -19.066  -13.022   -8.239   -4.939    0.634    5.502    8.241    9.087    9.261    9.612
   10.126   10.648   10.796   11.362   11.759   12.386   13.170   14.167   14.412   15.244
            0.500000  0.288675  0.000000
  -19.051  -13.050   -8.244   -4.913    0.596    5.510    8.497    9.002    9.336    9.934
   10.084   10.145   10.992   11.508   11.737   11.997   13.266   14.316   14.406   15.005
            0.494444  0.298298  0.000000
  -19.049  -13.044   -8.242   -4.908    0.598    5.521    8.501    9.006    9.337    9.937
   10.087   10.148   10.994   11.511   11.740   12.000   13.264   14.318   14.410   15.008
            0.488889  0.307920  0.000000
  -19.046  -13.041   -8.268   -4.903    0.599    5.553    8.508    9.016    9.339    9.944
   10.096   10.157   10.997   11.518   11.748   12.009   13.256   14.324   14.414   15.016
            0.483333  0.317543  0.000000
  -19.040  -13.034   -8.306   -4.893    0.602    5.607    8.520    9.033    9.341    9.957
   10.111   10.172   11.002   11.530   11.760   12.023   13.241   14.334   14.422   15.029
            0.477778  0.327165  0.000000
  -19.031  -13.020   -8.351   -4.885    0.604    5.682    8.538    9.057    9.343    9.974
   10.131   10.193   11.008   11.546   11.779   12.044   13.221   14.347   14.436   15.048
            0.472222  0.336788  0.000000
  -19.020  -13.008   -8.420   -4.870    0.608    5.776    8.560    9.089    9.345    9.996
   10.157   10.220   11.017   11.568   11.802   12.070   13.195   14.365   14.450   15.071
            0.466667  0.346410  0.000000
  -19.008  -12.993   -8.504   -4.851    0.612    5.889    8.586    9.127    9.345   10.024
   10.189   10.253   11.026   11.594   11.829   12.102   13.164   14.388   14.468   15.100
            0.461111  0.356033  0.000000
  -18.992  -12.977   -8.585   -4.824    0.618    6.020    8.616    9.172    9.344   10.056
   10.227   10.292   11.037   11.626   11.861   12.140   13.130   14.415   14.487   15.134
            0.455556  0.365655  0.000000
  -18.973  -12.951   -8.683   -4.794    0.624    6.167    8.654    9.225    9.338   10.093
   10.271   10.337   11.049   11.663   11.900   12.183   13.093   14.448   14.512   15.173
            0.450000  0.375278  0.000000
  -18.954  -12.925   -8.795   -4.762    0.631    6.329    8.696    9.286    9.326   10.136
   10.320   10.389   11.062   11.705   11.943   12.233   13.056   14.485   14.539   15.216
            0.444444  0.384900  0.000000
  -18.933  -12.900   -8.914   -4.728    0.636    6.505    8.741    9.306    9.355   10.184
   10.375   10.446   11.077   11.753   11.990   12.288   13.023   14.529   14.566   15.264
            0.438889  0.394523  0.000000
  -18.910  -12.872   -9.039   -4.693    0.640    6.691    8.791    9.275    9.431   10.237
   10.436   10.509   11.094   11.806   12.042   12.349   12.995   14.578   14.595   15.316
            0.433333  0.404145  0.000000
  -18.884  -12.836   -9.159   -4.651    0.646    6.889    8.849    9.236    9.517   10.296
   10.503   10.578   11.116   11.865   12.099   12.416   12.977   14.629   14.632   15.371
            0.427778  0.413768  0.000000
  -18.858  -12.802   -9.302   -4.611    0.649    7.090    8.909    9.183    9.611   10.361
   10.576   10.653   11.143   11.931   12.161   12.488   12.969   14.661   14.693   15.429
            0.422222  0.423390  0.000000
  -18.832  -12.768   -9.448   -4.572    0.651    7.297    8.973    9.119    9.714   10.431
   10.654   10.735   11.177   12.002   12.226   12.566   12.974   14.692   14.759   15.489
            0.416667  0.433013  0.000000
  -18.803  -12.730   -9.590   -4.523    0.653    7.507    9.044    9.044    9.827   10.507
   10.738   10.822   11.219   12.079   12.296   12.649   12.992   14.724   14.831   15.547
            0.411111  0.442635  0.000000
  -18.774  -12.693   -9.738   -4.475    0.652    7.717    8.960    9.118    9.950   10.589
   10.827   10.916   11.270   12.163   12.369   12.738   13.022   14.751   14.908   15.600
            0.405556  0.452258  0.000000
  -18.744  -12.650   -9.880   -4.424    0.650    7.926    8.867    9.200   10.084   10.678
   10.923   11.016   11.330   12.252   12.448   12.831   13.064   14.776   14.989   15.633
            0.400000  0.461880  0.000000
  -18.713  -12.608  -10.021   -4.375    0.643    8.127    8.770    9.287   10.226   10.773
   11.024   11.122   11.400   12.348   12.529   12.930   13.118   14.790   15.074   15.605
            0.394444  0.471503  0.000000
  -18.683  -12.562  -10.168   -4.324    0.635    8.320    8.671    9.382   10.377   10.873
   11.131   11.234   11.480   12.450   12.615   13.034   13.181   14.783   15.160   15.479
            0.388889  0.481125  0.000000
  -18.653  -12.511  -10.310   -4.273    0.625    8.502    8.572    9.485   10.535   10.980
   11.244   11.352   11.568   12.557   12.706   13.141   13.254   14.734   15.242   15.334
            0.383333  0.490748  0.000000
  -18.623  -12.461  -10.440   -4.220    0.612    8.476    8.674    9.594   10.698   11.093
   11.363   11.476   11.665   12.670   12.801   13.252   13.334   14.615   15.236   15.305
            0.377778  0.500370  0.000000
  -18.595  -12.416  -10.576   -4.169    0.597    8.386    8.825    9.708   10.857   11.211
   11.487   11.604   11.769   12.788   12.897   13.365   13.419   14.435   15.187   15.297
            0.372222  0.509993  0.000000
  -18.569  -12.366  -10.704   -4.116    0.581    8.303    8.965    9.830   11.007   11.336
   11.617   11.735   11.881   12.911   12.999   13.478   13.506   14.240   15.129   15.149
            0.366667  0.519615  0.000000
  -18.544  -12.321  -10.822   -4.063    0.564    8.230    9.089    9.956   11.141   11.466
   11.752   11.868   11.998   13.038   13.102   13.584   13.590   14.057   14.905   14.925
            0.361111  0.529238  0.000000
  -18.522  -12.279  -10.928   -4.022    0.546    8.166    9.198   10.085   11.248   11.600
   11.893   12.003   12.122   13.165   13.209   13.660   13.664   13.921   14.609   14.641
            0.355556  0.538860  0.000000
  -18.503  -12.236  -11.019   -3.983    0.529    8.113    9.295   10.215   11.311   11.739
   12.038   12.138   12.248   13.284   13.319   13.656   13.694   13.899   14.290   14.415
            0.350000  0.548483  0.000000
  -18.488  -12.207  -11.097   -3.956    0.513    8.072    9.373   10.338   11.325   11.881
   12.187   12.278   12.374   13.355   13.416   13.563   13.678   13.947   14.034   14.283
            0.344444  0.558105  0.000000
  -18.475  -12.183  -11.152   -3.935    0.499    8.043    9.435   10.449   11.296   12.022
   12.340   12.426   12.491   13.281   13.320   13.553   13.713   13.895   14.012   14.244
            0.338889  0.567728  0.000000
  -18.469  -12.172  -11.187   -3.921    0.490    8.025    9.476   10.531   11.250   12.151
   12.496   12.574   12.579   13.035   13.125   13.629   13.813   13.898   14.017   14.219
            0.333333  0.577350  0.000000
  -18.466  -12.170  -11.200   -3.915    0.486    8.020    9.490   10.561   11.226   12.221
   12.588   12.634   12.693   12.785   13.054   13.670   13.879   13.916   14.000   14.184
            0.322222  0.558105  0.000000
  -18.477  -12.180  -11.159   -3.939    0.502    8.041    9.408   10.470   11.315   11.884
   12.046   12.741   12.991   13.068   13.145   13.453   13.679   13.922   14.065   14.393
            0.311111  0.538860  0.000000
  -18.513  -12.201  -11.055   -4.007    0.558    8.095    9.135   10.356   11.288   11.327
   11.583   12.689   12.900   13.226   13.362   13.477   13.773   13.837   14.276   14.716
            0.300000  0.519615  0.000000
  -18.574  -12.200  -10.903   -4.126    0.657    8.167    8.721   10.280   10.727   10.770
   11.569   12.216   12.504   13.509   13.552   13.745   14.033   14.067   14.529   14.869
            0.288889  0.500370  0.000000
  -18.662  -12.178  -10.730   -4.294    0.804    8.225    8.235   10.016   10.255   10.324
   11.347   11.709   12.196   13.537   13.851   14.114   14.260   14.435   14.665   14.810
            0.277778  0.481125  0.000000
  -18.777  -12.118  -10.534   -4.511    0.995    7.727    8.216    9.458    9.815   10.207
   10.939   11.245   11.929   13.707   13.712   14.259   14.506   14.618   14.884   15.097
            0.266667  0.461880  0.000000
  -18.915  -12.016  -10.318   -4.759    1.228    7.217    8.073    8.889    9.471   10.073
   10.481   10.874   11.646   13.307   13.765   14.139   14.919   14.991   15.362   15.508
            0.255556  0.442635  0.000000
  -19.073  -11.877  -10.086   -5.031    1.492    6.714    7.783    8.337    9.174    9.817
   10.098   10.648   11.356   12.901   13.383   14.472   15.350   15.416   15.863   15.910
            0.244444  0.423390  0.000000
  -19.246  -11.695   -9.846   -5.311    1.793    6.225    7.403    7.807    8.844    9.393
    9.851   10.561   11.073   12.557   12.969   14.880   15.646   15.856   16.161   16.373
            0.233333  0.404145  0.000000
  -19.432  -11.483   -9.603   -5.605    2.114    5.750    6.988    7.300    8.467    8.932
    9.617   10.518   10.794   12.332   12.574   15.291   15.510   16.118   16.433   16.537
            0.222222  0.384900  0.000000
  -19.625  -11.236   -9.346   -5.901    2.451    5.294    6.570    6.815    8.070    8.477
    9.377   10.405   10.517   12.207   12.277   15.216   15.588   15.878   16.870   17.034
            0.211111  0.365655  0.000000
  -19.822  -10.962   -9.087   -6.202    2.792    4.857    6.166    6.353    7.675    8.038
    9.128   10.190   10.237   11.868   12.375   14.934   15.317   16.063   17.377   17.555
            0.200000  0.346410  0.000000
  -20.022  -10.667   -8.820   -6.499    3.127    4.438    5.788    5.915    7.294    7.617
    8.882    9.907    9.953   11.561   12.537   14.729   14.921   16.196   17.909   18.047
            0.188889  0.327165  0.000000
  -20.218  -10.338   -8.544   -6.784    3.442    4.043    5.451    5.501    6.938    7.217
    8.644    9.600    9.669   11.280   12.655   14.522   14.666   16.118   18.347   18.461
            0.177778  0.307920  0.000000
  -20.413  -10.008   -8.269   -7.070    3.667    3.687    5.109    5.182    6.619    6.838
    8.414    9.290    9.383   11.021   12.653   14.116   14.789   15.838   18.303   18.968
            0.166667  0.288675  0.000000
  -20.602   -9.651   -7.994   -7.343    3.312    3.799    4.742    5.021    6.356    6.480
    8.199    8.995    9.100   10.776   12.535   13.709   15.070   15.461   18.144   19.060
            0.155556  0.269430  0.000000
  -20.783   -9.285   -7.719   -7.601    2.980    3.747    4.397    4.969    6.144    6.188
    8.003    8.724    8.827   10.543   12.353   13.295   15.042   15.429   18.008   18.916
            0.144444  0.250185  0.000000
  -20.955   -8.893   -7.844   -7.445    2.670    3.576    4.077    4.919    5.831    6.160
    7.825    8.488    8.567   10.314   12.147   12.873   14.631   15.776   17.965   18.689
            0.133333  0.230940  0.000000
  -21.119   -8.519   -8.078   -7.188    2.380    3.357    3.780    4.792    5.539    6.249
    7.665    8.298    8.322   10.085   11.939   12.436   14.229   16.023   18.087   18.445
            0.122222  0.211695  0.000000
  -21.273   -8.294   -8.135   -6.928    2.113    3.131    3.507    4.618    5.270    6.383
    7.525    8.097    8.174    9.853   11.743   11.994   13.863   16.120   18.205   18.410
            0.111111  0.192450  0.000000
  -21.415   -8.494   -7.753   -6.677    1.867    2.912    3.257    4.427    5.024    6.483
    7.400    7.896    8.134    9.615   11.554   11.566   13.534   16.102   17.976   18.889
            0.100000  0.173205  0.000000
  -21.545   -8.672   -7.379   -6.443    1.643    2.708    3.031    4.240    4.800    6.517
    7.288    7.729    8.180    9.367   11.134   11.415   13.243   16.027   17.762   19.450
            0.088889  0.153960  0.000000
  -21.663   -8.837   -7.013   -6.228    1.442    2.521    2.828    4.064    4.599    6.488
    7.180    7.598    8.290    9.100   10.749   11.290   12.987   15.930   17.565   20.023
            0.077778  0.134715  0.000000
  -21.768   -8.982   -6.658   -6.023    1.262    2.355    2.649    3.904    4.421    6.425
    7.072    7.508    8.433    8.821   10.407   11.196   12.761   15.831   17.387   20.530
            0.066667  0.115470  0.000000
  -21.860   -9.111   -6.354   -5.847    1.105    2.209    2.494    3.763    4.265    6.343
    6.965    7.451    8.526    8.572   10.113   11.131   12.565   15.740   17.229   20.882
            0.055556  0.096225  0.000000
  -21.938   -9.217   -6.061   -5.688    0.970    2.085    2.362    3.643    4.133    6.264
    6.864    7.429    8.246    8.697    9.872   11.095   12.398   15.661   17.092   21.060
            0.044444  0.076980  0.000000
  -22.002   -9.307   -5.806   -5.561    0.859    1.983    2.255    3.544    4.024    6.191
    6.775    7.427    7.987    8.794    9.678   11.081   12.261   15.596   16.979   21.129
            0.033333  0.057735  0.000000
  -22.053   -9.382   -5.609   -5.459    0.771    1.903    2.171    3.465    3.938    6.128
    6.701    7.436    7.769    8.858    9.525   11.082   12.153   15.545   16.888   21.148
            0.022222  0.038490  0.000000
  -22.089   -9.431   -5.451   -5.382    0.707    1.846    2.110    3.410    3.877    6.084
    6.646    7.452    7.607    8.904    9.413   11.090   12.074   15.510   16.823   21.136
            0.011111  0.019245  0.000000
  -22.110   -9.461   -5.359   -5.338    0.668    1.812    2.074    3.376    3.840    6.057
    6.611    7.466    7.507    8.929    9.345   11.098   12.027   15.489   16.783   21.067
            0.000000  0.000000  0.000000
  -22.116   -9.469   -5.307   -5.307    0.656    1.801    2.062    3.365    3.828    6.049
    6.599    7.478    7.478    8.938    9.323   11.102   12.011   15.483   16.770   21.044
            0.000000  0.000000  0.071429
  -22.117   -9.457   -5.321   -5.321    0.659    1.673    2.434    2.783    4.595    5.121
    7.471    7.471    7.624    8.095    9.903   10.440   13.052   14.186   18.212   19.616
            0.016667  0.009623  0.071429
  -22.111   -9.453   -5.344   -5.327    0.669    1.681    2.442    2.792    4.602    5.131
    7.463    7.498    7.623    8.112    9.886   10.455   13.055   14.196   18.217   19.627
            0.033333  0.019245  0.071429
  -22.095   -9.429   -5.410   -5.361    0.698    1.708    2.468    2.820    4.626    5.159
    7.442    7.575    7.634    8.162    9.858   10.501   13.066   14.227   18.231   19.661
            0.050000  0.028868  0.071429
  -22.067   -9.388   -5.531   -5.411    0.746    1.751    2.511    2.865    4.667    5.206
    7.410    7.649    7.704    8.240    9.812   10.577   13.086   14.278   18.254   19.717
            0.066667  0.038490  0.071429
  -22.031   -9.341   -5.701   -5.498    0.812    1.812    2.570    2.929    4.721    5.270
    7.365    7.659    7.877    8.342    9.744   10.680   13.115   14.348   18.284   19.793
            0.083333  0.048113  0.071429
  -21.982   -9.274   -5.903   -5.592    0.897    1.890    2.647    3.010    4.791    5.352
    7.319    7.671    8.095    8.467    9.671   10.812   13.157   14.438   18.321   19.887
            0.100000  0.057735  0.071429
  -21.923   -9.194   -6.134   -5.702    0.998    1.985    2.741    3.109    4.875    5.449
    7.272    7.672    8.357    8.611    9.597   10.968   13.212   14.545   18.361   19.999
            0.116667  0.067358  0.071429
  -21.854   -9.099   -6.401   -5.814    1.117    2.097    2.851    3.226    4.973    5.561
    7.227    7.654    8.663    8.772    9.531   11.146   13.280   14.671   18.402   20.124
            0.133333  0.076980  0.071429
  -21.775   -8.993   -6.697   -5.952    1.252    2.226    2.977    3.360    5.081    5.686
    7.184    7.606    8.950    9.002    9.486   11.345   13.364   14.812   18.434   20.263
            0.150000  0.086603  0.071429
  -21.686   -8.869   -7.017   -6.094    1.403    2.371    3.119    3.511    5.199    5.822
    7.148    7.522    9.143    9.376    9.475   11.562   13.464   14.969   18.447   20.411
            0.166667  0.096225  0.071429
  -21.587   -8.734   -7.356   -6.246    1.570    2.533    3.277    3.679    5.320    5.964
    7.121    7.403    9.349    9.505    9.777   11.792   13.578   15.140   18.422   20.565
            0.183333  0.105848  0.071429
  -21.479   -8.580   -7.707   -6.393    1.752    2.709    3.449    3.864    5.436    6.106
    7.114    7.263    9.570    9.577   10.215   12.035   13.707   15.324   18.339   20.561
            0.200000  0.115470  0.071429
  -21.362   -8.419   -8.074   -6.543    1.950    2.899    3.633    4.065    5.529    6.236
    7.121    7.138    9.688    9.803   10.675   12.284   13.847   15.519   18.178   20.358
            0.216667  0.125093  0.071429
  -21.235   -8.433   -8.240   -6.690    2.163    3.101    3.827    4.282    5.580    6.343
    7.026    7.207    9.833   10.051   11.165   12.543   13.997   15.722   17.948   20.241
            0.233333  0.134715  0.071429
  -21.101   -8.813   -8.055   -6.845    2.391    3.305    4.023    4.514    5.558    6.415
    7.005    7.331   10.008   10.310   11.661   12.796   14.151   15.929   17.667   19.849
            0.250000  0.144338  0.071429
  -20.959   -9.194   -7.857   -6.994    2.633    3.501    4.213    4.761    5.482    6.457
    7.082    7.510   10.207   10.582   12.171   13.042   14.305   16.134   17.366   19.221
            0.266667  0.153960  0.071429
  -20.810   -9.565   -7.644   -7.136    2.889    3.655    4.388    5.020    5.424    6.483
    7.239    7.733   10.428   10.866   12.699   13.273   14.448   16.324   17.067   18.620
            0.283333  0.163583  0.071429
  -20.657   -9.945   -7.423   -7.275    3.155    3.701    4.560    5.287    5.461    6.507
    7.452    7.990   10.668   11.158   13.230   13.463   14.564   16.471   16.789   18.088
            0.300000  0.173205  0.071429
  -20.499  -10.321   -7.400   -7.195    3.433    3.586    4.774    5.556    5.614    6.544
    7.705    8.272   10.924   11.454   13.591   13.765   14.626   16.516   16.543   17.680
            0.316667  0.182828  0.071429
  -20.337  -10.680   -7.534   -6.956    3.354    3.719    5.043    5.810    5.852    6.616
    7.988    8.578   11.192   11.753   13.640   14.301   14.606   16.329   16.393   17.084
            0.333333  0.192450  0.071429
  -20.173  -11.028   -7.656   -6.714    3.053    4.011    5.352    6.024    6.143    6.756
    8.294    8.904   11.468   12.040   13.587   14.478   14.834   16.047   16.138   16.546
            0.350000  0.202073  0.071429
  -20.009  -11.354   -7.765   -6.465    2.723    4.302    5.690    6.183    6.469    6.985
    8.621    9.249   11.746   12.274   13.464   14.250   15.361   15.535   15.795   16.250
            0.366667  0.211695  0.071429
  -19.848  -11.674   -7.861   -6.225    2.375    4.582    6.053    6.310    6.821    7.289
    8.966    9.609   12.009   12.331   13.404   13.943   14.937   15.342   15.867   15.991
            0.383333  0.221318  0.071429
  -19.691  -11.962   -7.947   -5.986    2.032    4.840    6.435    6.444    7.195    7.643
    9.325    9.985   12.122   12.223   13.544   13.602   14.353   14.819   15.676   16.352
            0.400000  0.230940  0.071429
  -19.544  -12.230   -8.026   -5.752    1.708    5.060    6.617    6.837    7.588    8.031
    9.696   10.366   11.747   12.300   13.289   13.763   13.837   14.316   15.328   16.107
            0.416667  0.240563  0.071429
  -19.407  -12.460   -8.093   -5.531    1.406    5.232    6.847    7.255    8.000    8.443
   10.073   10.711   11.361   12.120   12.954   13.554   13.562   14.279   14.981   15.745
            0.433333  0.250185  0.071429
  -19.287  -12.668   -8.150   -5.327    1.135    5.351    7.136    7.689    8.427    8.875
   10.438   10.653   11.361   11.756   12.485   13.019   13.550   14.536   14.684   15.369
            0.450000  0.259808  0.071429
  -19.187  -12.825   -8.190   -5.156    0.910    5.431    7.478    8.136    8.866    9.320
   10.235   10.709   11.391   11.733   12.001   12.474   13.489   14.528   14.528   15.276
            0.466667  0.269430  0.071429
  -19.111  -12.943   -8.210   -5.024    0.740    5.478    7.856    8.589    9.311    9.634
    9.929   10.585   11.226   11.699   11.856   12.240   13.254   14.143   14.546   15.546
            0.483333  0.279053  0.071429
  -19.063  -13.013   -8.226   -4.930    0.633    5.503    8.246    9.032    9.280    9.717
   10.229   10.326   10.862   11.354   11.875   12.655   12.949   13.690   14.619   15.854
            0.500000  0.288675  0.071429
  -19.049  -13.040   -8.236   -4.901    0.595    5.511    8.502    9.011    9.313    9.772
   10.204   10.557   10.753   10.908   12.037   12.772   12.970   13.366   14.653   16.005
            0.494444  0.298298  0.071429
  -19.048  -13.038   -8.245   -4.907    0.593    5.522    8.505    9.014    9.312    9.775
   10.206   10.559   10.756   10.911   12.036   12.774   12.972   13.368   14.645   16.007
            0.488889  0.307920  0.071429
  -19.045  -13.036   -8.268   -4.902    0.595    5.554    8.511    9.025    9.314    9.783
   10.212   10.567   10.764   10.920   12.034   12.781   12.978   13.377   14.627   16.007
            0.483333  0.317543  0.071429
  -19.041  -13.036   -8.311   -4.900    0.598    5.607    8.521    9.042    9.317    9.796
   10.222   10.579   10.777   10.935   12.031   12.792   12.988   13.391   14.596   16.005
            0.477778  0.327165  0.071429
  -19.031  -13.022   -8.353   -4.885    0.603    5.682    8.539    9.066    9.322    9.815
   10.237   10.596   10.797   10.955   12.028   12.807   13.004   13.411   14.555   16.011
            0.472222  0.336788  0.071429
  -19.020  -13.009   -8.421   -4.867    0.608    5.776    8.561    9.097    9.326    9.839
   10.256   10.619   10.821   10.982   12.022   12.827   13.024   13.436   14.506   16.014
            0.466667  0.346410  0.071429
  -19.007  -12.993   -8.497   -4.849    0.612    5.889    8.588    9.136    9.328    9.869
   10.279   10.646   10.852   11.015   12.015   12.852   13.048   13.467   14.451   16.019
            0.461111  0.356033  0.071429
  -18.991  -12.971   -8.584   -4.823    0.618    6.020    8.620    9.181    9.329    9.904
   10.306   10.679   10.888   11.054   12.005   12.882   13.078   13.504   14.393   16.025
            0.455556  0.365655  0.071429
  -18.973  -12.947   -8.680   -4.794    0.624    6.168    8.657    9.234    9.325    9.945
   10.337   10.717   10.929   11.098   11.994   12.917   13.111   13.546   14.337   16.029
            0.450000  0.375278  0.071429
  -18.954  -12.921   -8.799   -4.766    0.629    6.329    8.699    9.295    9.315    9.991
   10.372   10.761   10.976   11.149   11.981   12.958   13.148   13.593   14.286   16.031
            0.444444  0.384900  0.071429
  -18.932  -12.893   -8.907   -4.726    0.636    6.505    8.745    9.298    9.364   10.042
   10.412   10.810   11.028   11.206   11.970   13.004   13.189   13.646   14.245   16.031
            0.438889  0.394523  0.071429
  -18.910  -12.870   -9.036   -4.690    0.641    6.691    8.793    9.271    9.441   10.099
   10.457   10.865   11.085   11.268   11.961   13.056   13.231   13.704   14.215   16.019
            0.433333  0.404145  0.071429
  -18.885  -12.842   -9.170   -4.652    0.646    6.886    8.848    9.232    9.527   10.162
   10.508   10.925   11.147   11.337   11.957   13.113   13.277   13.768   14.197   16.004
            0.427778  0.413768  0.071429
  -18.859  -12.808   -9.310   -4.612    0.648    7.088    8.908    9.181    9.621   10.230
   10.564   10.992   11.215   11.411   11.960   13.177   13.328   13.836   14.194   15.980
            0.422222  0.423390  0.071429
  -18.831  -12.771   -9.447   -4.563    0.651    7.298    8.974    9.118    9.725   10.304
   10.628   11.064   11.288   11.491   11.972   13.246   13.383   13.910   14.203   15.944
            0.416667  0.433013  0.071429
  -18.802  -12.732   -9.583   -4.515    0.653    7.511    9.044    9.045    9.839   10.384
   10.698   11.143   11.367   11.578   11.994   13.322   13.440   13.988   14.226   15.885
            0.411111  0.442635  0.071429
  -18.773  -12.689   -9.734   -4.467    0.651    7.720    8.959    9.121    9.963   10.470
   10.775   11.228   11.451   11.670   12.028   13.403   13.500   14.071   14.260   15.792
            0.405556  0.452258  0.071429
  -18.742  -12.644   -9.879   -4.418    0.648    7.928    8.867    9.204   10.097   10.562
   10.860   11.319   11.540   11.768   12.074   13.491   13.563   14.157   14.305   15.657
            0.400000  0.461880  0.071429
  -18.712  -12.598  -10.027   -4.367    0.643    8.129    8.770    9.292   10.241   10.660
   10.952   11.416   11.634   11.871   12.130   13.584   13.627   14.246   14.358   15.482
            0.394444  0.471503  0.071429
  -18.682  -12.552  -10.165   -4.327    0.634    8.322    8.670    9.386   10.393   10.763
   11.051   11.519   11.733   11.981   12.198   13.681   13.692   14.338   14.418   15.273
            0.388889  0.481125  0.071429
  -18.652  -12.505  -10.309   -4.279    0.624    8.503    8.571    9.487   10.552   10.873
   11.157   11.628   11.836   12.095   12.275   13.758   13.784   14.430   14.482   15.042
            0.383333  0.490748  0.071429
  -18.623  -12.457  -10.444   -4.226    0.611    8.476    8.674    9.596   10.716   10.989
   11.270   11.743   11.945   12.213   12.361   13.823   13.891   14.519   14.546   14.807
            0.377778  0.500370  0.071429
  -18.596  -12.414  -10.577   -4.177    0.597    8.386    8.827    9.710   10.877   11.110
   11.390   11.864   12.059   12.336   12.455   13.884   14.000   14.544   14.600   14.634
            0.372222  0.509993  0.071429
  -18.569  -12.363  -10.698   -4.129    0.580    8.304    8.969    9.832   11.030   11.238
   11.516   11.991   12.178   12.460   12.555   13.935   14.105   14.358   14.628   14.689
            0.366667  0.519615  0.071429
  -18.546  -12.323  -10.826   -4.087    0.562    8.229    9.086    9.956   11.160   11.370
   11.648   12.123   12.300   12.584   12.661   13.941   14.188   14.221   14.586   14.737
            0.361111  0.529238  0.071429
  -18.523  -12.279  -10.931   -4.046    0.544    8.166    9.197   10.085   11.261   11.508
   11.786   12.260   12.426   12.706   12.768   13.873   14.160   14.199   14.493   14.737
            0.355556  0.538860  0.071429
  -18.505  -12.244  -11.022   -4.015    0.525    8.113    9.290   10.214   11.321   11.651
   11.929   12.401   12.554   12.825   12.872   13.789   13.934   14.227   14.437   14.655
            0.350000  0.548483  0.071429
  -18.489  -12.212  -11.097   -3.981    0.509    8.072    9.370   10.338   11.332   11.797
   12.077   12.543   12.683   12.941   12.960   13.647   13.730   14.230   14.273   14.540
            0.344444  0.558105  0.071429
  -18.477  -12.182  -11.152   -3.959    0.496    8.043    9.436   10.450   11.300   11.945
   12.226   12.674   12.811   12.990   13.056   13.399   13.670   14.057   14.150   14.515
            0.338889  0.567728  0.071429
  -18.469  -12.169  -11.186   -3.945    0.487    8.025    9.477   10.532   11.253   12.085
   12.366   12.718   12.932   12.951   13.156   13.273   13.559   13.881   14.077   14.555
            0.333333  0.577350  0.071429
  -18.467  -12.163  -11.197   -3.934    0.484    8.020    9.494   10.564   11.229   12.170
   12.437   12.638   12.983   13.012   13.184   13.221   13.481   13.819   14.063   14.584
            0.322222  0.558105  0.071429
  -18.478  -12.181  -11.158   -3.961    0.500    8.040    9.408   10.473   11.320   11.746
   12.384   12.617   12.749   13.019   13.376   13.448   13.575   13.936   14.100   14.496
            0.311111  0.538860  0.071429
  -18.512  -12.194  -11.046   -4.019    0.557    8.095    9.140   10.365   11.130   11.440
   11.890   12.095   13.053   13.339   13.483   13.652   13.736   14.014   14.277   14.362
            0.300000  0.519615  0.071429
  -18.575  -12.205  -10.902   -4.144    0.655    8.167    8.719   10.295   10.521   11.231
   11.346   11.825   13.212   13.313   13.580   13.820   13.857   14.128   14.271   14.709
            0.288889  0.500370  0.071429
  -18.662  -12.172  -10.725   -4.308    0.803    8.224    8.239    9.942   10.213   10.747
   10.837   11.705   12.840   13.142   13.699   13.929   14.236   14.361   14.667   15.124
            0.277778  0.481125  0.071429
  -18.777  -12.119  -10.532   -4.516    0.995    7.729    8.213    9.407    9.970   10.357
   10.407   11.467   12.375   12.832   13.799   14.337   14.662   14.691   15.057   15.397
            0.266667  0.461880  0.071429
  -18.916  -12.021  -10.316   -4.759    1.228    7.218    8.059    8.927    9.498   10.100
   10.176   11.141   11.943   12.458   14.090   14.639   15.015   15.025   15.290   15.585
            0.255556  0.442635  0.071429
  -19.073  -11.875  -10.087   -5.020    1.499    6.716    7.743    8.484    8.980    9.911
   10.018   10.772   11.597   12.094   14.458   14.464   15.037   15.392   15.576   15.720
            0.244444  0.423390  0.071429
  -19.245  -11.694   -9.845   -5.298    1.798    6.227    7.331    8.048    8.468    9.747
    9.834   10.382   11.393   11.761   14.104   14.646   14.884   15.870   15.960   16.231
            0.233333  0.404145  0.071429
  -19.430  -11.478   -9.598   -5.590    2.119    5.753    6.888    7.611    7.973    9.512
    9.620    9.985   11.354   11.463   13.764   14.233   15.297   16.364   16.408   16.765
            0.222222  0.384900  0.071429
  -19.623  -11.232   -9.344   -5.892    2.456    5.297    6.445    7.181    7.499    9.200
    9.378    9.594   11.194   11.410   13.499   13.820   15.680   16.789   16.886   17.250
            0.211111  0.365655  0.071429
  -19.822  -10.965   -9.084   -6.200    2.794    4.859    6.017    6.768    7.044    8.850
    9.098    9.234   10.946   11.445   13.373   13.420   15.943   16.838   17.374   17.513
            0.200000  0.346410  0.071429
  -20.021  -10.660   -8.813   -6.499    3.127    4.442    5.613    6.381    6.613    8.494
    8.758    8.946   10.716   11.376   13.037   13.427   15.981   16.628   17.352   17.927
            0.188889  0.327165  0.071429
  -20.219  -10.346   -8.551   -6.794    3.431    4.046    5.240    6.029    6.204    8.146
    8.397    8.692   10.492   11.198   12.670   13.629   15.747   16.399   17.247   18.475
            0.177778  0.307920  0.071429
  -20.414  -10.008   -8.278   -7.077    3.669    3.674    4.913    5.734    5.817    7.820
    8.043    8.462   10.272   10.960   12.318   13.891   15.356   16.231   17.070   19.050
            0.166667  0.288675  0.071429
  -20.602   -9.654   -8.001   -7.346    3.316    3.786    4.652    5.453    5.537    7.526
    7.706    8.250   10.060   10.700   11.981   14.114   14.895   16.192   16.819   19.653
            0.155556  0.269430  0.071429
  -20.783   -9.279   -7.724   -7.609    2.984    3.712    4.443    5.112    5.484    7.278
    7.387    8.059    9.850   10.442   11.653   14.215   14.407   16.339   16.538   20.071
            0.144444  0.250185  0.071429
  -20.956   -8.904   -7.854   -7.451    2.673    3.517    4.230    4.795    5.541    7.086
    7.100    7.886    9.644   10.198   11.330   13.897   14.185   16.249   16.666   20.099
            0.133333  0.230940  0.071429
  -21.120   -8.519   -8.085   -7.184    2.384    3.280    4.000    4.500    5.599    6.804
    7.026    7.737    9.441    9.977   11.005   13.394   14.072   15.968   17.104   20.034
            0.122222  0.211695  0.071429
  -21.273   -8.294   -8.129   -6.922    2.117    3.041    3.770    4.228    5.587    6.544
    7.072    7.613    9.244    9.787   10.674   12.914   13.926   15.701   17.573   19.996
            0.111111  0.192450  0.071429
  -21.416   -8.495   -7.756   -6.690    1.871    2.812    3.549    3.979    5.496    6.303
    7.200    7.509    9.049    9.635   10.327   12.465   13.771   15.452   17.992   20.065
            0.100000  0.173205  0.071429
  -21.546   -8.676   -7.378   -6.455    1.647    2.600    3.343    3.754    5.367    6.085
    7.356    7.434    8.865    9.530    9.972   12.063   13.623   15.223   18.275   20.320
            0.088889  0.153960  0.071429
  -21.663   -8.839   -7.013   -6.224    1.446    2.408    3.156    3.552    5.229    5.888
    7.379    7.507    8.689    9.482    9.612   11.714   13.488   15.015   18.401   20.454
            0.077778  0.134715  0.071429
  -21.768   -8.983   -6.661   -6.022    1.266    2.238    2.988    3.373    5.091    5.713
    7.351    7.605    8.515    9.259    9.487   11.411   13.372   14.828   18.422   20.277
            0.066667  0.115470  0.071429
  -21.860   -9.111   -6.356   -5.854    1.109    2.088    2.842    3.218    4.964    5.559
    7.336    7.654    8.335    8.929    9.535   11.152   13.275   14.662   18.394   20.116
            0.055556  0.096225  0.071429
  -21.937   -9.213   -6.068   -5.695    0.974    1.962    2.718    3.086    4.855    5.428
    7.342    7.674    8.148    8.653    9.614   10.938   13.198   14.520   18.351   19.972
            0.044444  0.076980  0.071429
  -22.002   -9.301   -5.816   -5.564    0.862    1.858    2.616    2.977    4.762    5.319
    7.366    7.667    7.949    8.441    9.700   10.761   13.140   14.401   18.306   19.849
            0.033333  0.057735  0.071429
  -22.052   -9.371   -5.605   -5.461    0.774    1.777    2.536    2.892    4.689    5.233
    7.398    7.651    7.757    8.289    9.778   10.622   13.098   14.308   18.266   19.750
            0.022222  0.038490  0.071429
  -22.088   -9.419   -5.440   -5.385    0.711    1.719    2.479    2.832    4.637    5.172
    7.438    7.604    7.636    8.184    9.842   10.521   13.071   14.240   18.237   19.676
            0.011111  0.019245  0.071429
  -22.110   -9.450   -5.352   -5.336    0.672    1.684    2.445    2.795    4.605    5.134
    7.461    7.505    7.624    8.118    9.883   10.460   13.056   14.200   18.218   19.631
            0.000000  0.000000  0.071429
  -22.117   -9.457   -5.321   -5.321    0.659    1.673    2.434    2.783    4.595    5.121
    7.471    7.471    7.624    8.095    9.903   10.440   13.052   14.186   18.212   19.616
            0.500000  0.288675  0.071429
  -19.049  -13.040   -8.236   -4.901    0.595    5.511    8.502    9.011    9.313    9.772
   10.204   10.557   10.753   10.908   12.037   12.772   12.970   13.366   14.653   16.005
            0.500000  0.288675  0.047619
  -19.051  -13.046   -8.241   -4.917    0.595    5.510    8.500    9.009    9.317    9.797
   10.184   10.398   10.886   10.996   12.011   12.448   13.206   13.479   14.686   15.558
            0.500000  0.288675  0.023810
  -19.051  -13.045   -8.236   -4.921    0.595    5.510    8.499    9.004    9.329    9.867
   10.145   10.211   10.962   11.272   11.927   12.100   13.261   13.889   14.696   15.118
            0.500000  0.288675  0.000000
  -19.051  -13.050   -8.244   -4.913    0.596    5.510    8.497    9.002    9.336    9.934
   10.084   10.145   10.992   11.508   11.737   11.997   13.266   14.316   14.406   15.005
            0.333333  0.577350  0.071429
  -18.467  -12.163  -11.197   -3.934    0.484    8.020    9.494   10.564   11.229   12.170
   12.437   12.638   12.983   13.012   13.184   13.221   13.481   13.819   14.063   14.584
            0.333333  0.577350  0.047619
  -18.466  -12.162  -11.195   -3.926    0.485    8.020    9.495   10.565   11.228   12.182
   12.456   12.650   12.897   12.923   13.151   13.357   13.573   13.846   14.059   14.490
            0.333333  0.577350  0.023810
  -18.467  -12.166  -11.198   -3.937    0.484    8.020    9.492   10.562   11.227   12.205
   12.513   12.677   12.743   12.827   13.086   13.557   13.754   13.894   14.037   14.299
            0.333333  0.577350  0.000000
  -18.466  -12.170  -11.200   -3.915    0.486    8.020    9.490   10.561   11.226   12.221
   12.588   12.634   12.693   12.785   13.054   13.670   13.879   13.916   14.000   14.184
